Time,Left_X,Left_Y,FOG
0.166788979,356.5770292,908.3518219,0
0.200146774,356.884625,907.2338104,0
0.23350457,356.9931793,907.2390747,0
0.266862366,357.0152807,907.1910858,0
0.300220161,357.5283766,907.0915985,0
0.333577957,359.2153358,905.5706024,0
0.366935753,362.1753788,902.0584106,0
0.400293549,364.8352718,894.0275574,0
0.433651344,367.7702093,886.6642761,0
0.46700914,370.7721806,880.6427765,0
0.500366936,373.0329609,874.3688202,0
0.533724731,376.1864662,866.0928345,0
0.567082527,376.9262409,859.3540955,0
0.600440323,376.5677261,860.4109192,0
0.633798119,376.2856007,861.5917206,0
0.667155914,376.6084957,860.6784058,0
0.70051371,377.0398378,860.3811646,0
0.733871506,377.3222637,854.7012329,0
0.767229301,376.9914722,850.7209015,0
0.800587097,377.5426769,852.4597931,0
0.833944893,379.7541046,846.1256409,0
0.867302689,379.9575663,843.181076,0
0.900660484,380.2930355,844.8620605,0
0.93401828,378.7879515,843.7117767,0
0.967376076,380.778966,844.1157532,0
1.000733872,385.0323057,845.6612396,0
1.034091667,364.8001671,816.8785095,0
1.067449463,365.5117893,797.7074432,0
1.100807259,367.0792294,799.6003723,0
1.134165054,368.4788704,799.9191284,0
1.16752285,372.2540903,795.4299927,0
1.200880646,376.2030315,792.883606,0
1.234238442,378.4111118,798.0644226,0
1.267596237,378.9550209,805.8150482,0
1.300954033,379.9118185,811.0892487,0
1.334311829,383.9818239,817.0644379,0
1.367669624,384.6982098,826.6136932,0
1.40102742,376.5820169,870.2960968,0
1.434385216,376.8793774,861.3282013,0
1.467743012,364.4514799,865.4360199,0
1.501100807,363.8335419,858.8459015,0
1.534458603,358.6387682,855.0691986,0
1.567816399,349.8152232,854.7125244,0
1.601174194,350.0964046,857.2213745,0
1.63453199,350.2131987,865.0157166,0
1.667889786,350.9421587,874.4631195,0
1.701247582,351.5914464,883.8785553,0
1.734605377,352.8410983,885.8557129,0
1.767963173,353.5887265,887.2156525,0
1.801320969,354.3164635,891.8526459,0
1.834678764,353.6065364,889.3774414,0
1.86803656,348.9270258,888.0780029,0
1.901394356,345.7288885,895.7150269,0
1.934752152,343.5957599,909.32724,0
1.968109947,339.2149401,907.6567078,0
2.001467743,337.4450684,908.5899353,0
2.034825539,333.6863065,906.8482971,0
2.068183334,332.9276705,903.9703369,0
2.10154113,331.1455679,901.5633392,0
2.134898926,329.916923,896.4643097,0
2.168256722,329.232316,896.335907,0
2.201614517,329.6598172,896.2857819,0
2.234972313,330.3026462,895.3849792,0
2.268330109,330.8177376,895.3026581,0
2.301687904,331.2277079,897.1379089,0
2.3350457,331.4165568,899.4631958,0
2.368403496,331.2709665,901.1065674,0
2.401761292,331.3105345,904.4084167,0
2.435119087,334.5436478,912.813797,0
2.468476883,339.7349238,912.9199219,0
2.501834679,344.7664261,912.2696686,0
2.535192474,344.8573637,905.8205414,0
2.56855027,344.7300768,883.2234192,0
2.601908066,349.5394063,876.3469696,0
2.635265862,354.0408397,875.905838,0
2.668623657,366.5905952,877.7764893,0
2.701981453,376.9947767,882.59758,0
2.735339249,379.786849,884.2760468,0
2.768697044,381.4290905,887.3552704,0
2.80205484,381.6877413,890.1953125,0
2.835412636,382.1169806,894.9422455,0
2.868770432,380.896554,897.7259064,0
2.902128227,380.6781149,900.6937408,0
2.935486023,380.1641607,901.1516571,0
2.968843819,379.6219683,901.8601227,0
3.002201615,378.9374256,904.4418335,0
3.03555941,378.5558653,905.7777405,0
3.068917206,378.263526,905.5601501,0
3.102275002,378.059206,905.7305145,0
3.135632797,378.0594206,906.191864,0
3.168990593,378.2910776,909.9075317,0
3.202348389,378.6793327,910.9333801,0
3.235706185,378.6603642,912.1481323,0
3.26906398,378.8270044,911.8219757,0
3.302421776,379.0049314,911.0112762,0
3.335779572,378.9619732,910.7022858,0
3.369137367,379.1712713,909.538269,0
3.402495163,380.249176,908.7294006,0
3.435852959,380.4698038,908.1328583,0
3.469210755,380.4099369,908.068161,0
3.50256855,380.5446482,908.0789948,0
3.535926346,381.3950586,907.9167175,0
3.569284142,381.6668415,907.9230499,0
3.602641937,381.9582796,907.7754211,0
3.635999733,382.1073246,907.6603699,0
3.669357529,382.5217152,907.6329041,0
3.702715325,382.4865246,907.6111603,0
3.73607312,382.4101353,907.7158356,0
3.769430916,382.4096203,907.75177,0
3.802788712,382.3916388,907.726059,0
3.836146507,381.1839151,908.0516815,0
3.869504303,380.1816273,907.638855,0
3.902862099,379.7154379,907.6332092,0
3.936219895,379.6597767,908.4163666,0
3.96957769,379.6843672,909.0622711,0
4.002935486,379.8783445,909.3114471,0
4.036293282,379.8844814,906.6178131,0
4.069651077,379.9031067,906.6307831,0
4.103008873,379.9109602,906.6333008,0
4.136366669,379.9246931,905.5861664,0
4.169724465,379.9378252,905.6723785,0
4.20308226,380.1081133,905.7853699,0
4.236440056,380.195446,905.8116913,0
4.269797852,380.5714703,905.1431274,0
4.303155647,380.7584095,904.1221619,0
4.336513443,380.7617998,903.8092804,0
4.369871239,380.5240059,903.8114929,0
4.403229035,380.4223824,903.6888885,0
4.43658683,377.4227285,903.9909363,0
4.469944626,371.1655426,903.9447784,0
4.503302422,351.1348486,902.638855,0
4.536660217,332.9133153,888.2918549,0
4.570018013,323.9531708,883.8900757,0
4.603375809,317.0506668,878.08815,0
4.636733605,309.2473269,880.0344849,0
4.6700914,303.8460231,881.2406921,0
4.703449196,301.3343811,882.272644,0
4.736806992,299.5537806,880.4063416,0
4.770164788,300.1303911,880.8045197,0
4.803522583,301.3213992,880.5222321,0
4.836880379,298.2109594,876.0397339,0
4.870238175,297.5626802,876.0359955,0
4.90359597,295.0225639,876.6214752,0
4.936953766,295.9516597,873.4153748,0
4.970311562,295.8697557,872.1928406,0
5.003669358,295.0679898,870.6295776,0
5.037027153,295.1447439,871.0076141,0
5.070384949,295.5342221,871.3553619,0
5.103742745,296.2716365,871.5688324,0
5.13710054,296.4340281,871.6807556,0
5.170458336,296.8857765,869.0335846,0
5.203816132,298.8177609,866.3648224,0
5.237173928,301.2697721,862.1845245,0
5.270531723,301.5809298,857.2915649,0
5.303889519,300.577805,854.3782806,0
5.337247315,299.941113,855.3960419,0
5.37060511,301.3215709,855.6446075,0
5.403962906,305.0530171,855.7727051,0
5.437320702,306.4289474,857.7774811,0
5.470678498,307.2761393,858.7119293,0
5.504036293,307.9312634,859.0882874,0
5.537394089,307.6155138,864.1837311,0
5.570751885,307.3946714,864.7063446,0
5.60410968,309.9439931,864.4503784,0
5.637467476,316.8664312,845.1277924,0
5.670825272,322.0836711,833.1564331,0
5.704183068,327.4778509,823.4503937,0
5.737540863,332.0124364,827.6522064,0
5.770898659,342.9883146,821.2057495,0
5.804256455,350.4879642,804.6671295,0
5.83761425,355.4839969,802.4693298,0
5.870972046,361.9394732,806.6529083,0
5.904329842,369.0210199,819.3651581,0
5.937687638,369.8752928,837.9729462,0
5.971045433,363.7174129,842.793808,0
6.004403229,366.7136335,847.834549,0
6.037761025,372.6723003,848.8297272,0
6.07111882,375.6672764,842.5858307,0
6.104476616,380.6091499,843.5050201,0
6.137834412,378.8847685,841.520462,0
6.171192208,376.0473776,841.4543915,0
6.204550003,374.3973255,841.4025879,0
6.237907799,374.9888706,859.9634552,0
6.271265595,375.6983471,867.2503662,0
6.30462339,376.703167,880.0074005,0
6.337981186,375.3360128,891.7207336,0
6.371338982,375.0652599,887.019043,0
6.404696778,373.3737087,896.0979462,0
6.438054573,373.3145714,891.8334961,0
6.471412369,373.2712698,878.3506775,0
6.504770165,370.6821442,874.7516632,0
6.538127961,370.725317,861.7551422,0
6.571485756,371.0030651,859.5058441,0
6.604843552,373.4701395,853.9750671,0
6.638201348,373.6551046,854.8193359,0
6.671559143,380.3532887,855.8237457,0
6.704916939,387.7941227,868.0187988,0
6.738274735,394.0832806,887.6663208,0
6.771632531,396.8467712,903.7594604,0
6.804990326,399.9892473,910.197525,0
6.838348122,401.8246937,917.1715546,0
6.871705918,402.2528172,922.9217529,0
6.905063713,402.6765203,928.3013153,0
6.938421509,403.2791805,928.9398956,0
6.971779305,403.908534,929.3844604,0
7.005137101,402.1641541,929.1788483,0
7.038494896,401.2083006,929.7659302,0
7.071852692,401.2137508,928.8322449,0
7.105210488,400.8053255,927.5892639,0
7.138568283,401.3412952,926.6706848,0
7.171926079,402.3631954,926.0327911,0
7.205283875,402.9115677,925.8181763,0
7.238641671,403.5660267,925.9235382,0
7.271999466,403.5463715,925.9663391,0
7.305357262,403.7287617,926.6169739,0
7.338715058,403.8936853,928.1795502,0
7.372072853,403.8995647,928.0883026,0
7.405430649,403.8569498,928.8859558,0
7.438788445,403.8820124,929.2218018,0
7.472146241,403.9997292,930.915451,0
7.505504036,404.1189909,931.9582367,0
7.538861832,404.1904879,932.0974731,0
7.572219628,404.1833639,931.3504791,0
7.605577423,404.0497684,930.0002289,0
7.638935219,403.9458275,930.2754211,0
7.672293015,403.9049292,930.2632141,0
7.705650811,403.8417578,929.90448,0
7.739008606,403.6745167,929.2808533,0
7.772366402,403.5195065,928.7194061,0
7.805724198,403.3232975,928.7050629,0
7.839081993,403.3138132,928.5688782,0
7.872439789,403.4342337,928.3625031,0
7.905797585,403.7525797,928.561554,0
7.939155381,403.9269876,928.5489655,0
7.972513176,403.9227819,928.2899475,0
8.005870972,403.7639523,928.3059692,0
8.039228768,403.7206936,928.2254028,0
8.072586563,403.6877346,928.2685852,0
8.105944359,403.740778,927.674408,0
8.139302155,404.0933704,927.0109558,0
8.172659951,404.0865898,926.9333649,0
8.206017746,404.103241,926.5853882,0
8.239375542,404.5400333,926.668396,0
8.272733338,404.6259499,926.7150879,0
8.306091133,404.6327734,926.7719269,0
8.339448929,404.6067238,926.973114,0
8.372806725,404.8800945,926.0353851,0
8.406164521,405.6112432,925.6069946,0
8.439522316,406.1058426,925.5008698,0
8.472880112,406.6854572,924.9030304,0
8.506237908,407.959013,924.4661713,0
8.539595704,410.889616,923.3408356,0
8.572953499,414.6643639,919.9966431,0
8.606311295,415.8815718,911.9181061,0
8.639669091,414.903574,903.8480377,0
8.673026886,411.0713625,893.1256104,0
8.706384682,398.7882185,887.5601959,0
8.739742478,390.661726,886.6372681,0
8.773100274,387.6967907,881.9671631,0
8.806458069,377.8834677,878.4187317,0
8.839815865,373.6189699,872.0077515,0
8.873173661,376.8866301,862.2624207,0
8.906531456,373.4742594,860.9130096,0
8.939889252,376.7750502,861.6661072,0
8.973247048,376.0717106,863.8118744,0
9.006604844,375.8552885,865.4379272,0
9.039962639,376.7296886,869.3899536,0
9.073320435,377.0246029,879.0052795,0
9.106678231,377.6134872,883.591156,0
9.140036026,376.9171429,908.2453156,0
9.173393822,372.5725651,905.9430695,0
9.206751618,360.0775051,912.2880554,0
9.240109414,360.9007931,855.0004578,0
9.273467209,361.4504099,839.6821594,0
9.306825005,358.7254786,826.1753082,0
9.340182801,358.9233828,812.0987701,0
9.373540596,359.9518704,814.9723816,0
9.406898392,347.8937101,821.3163757,0
9.440256188,345.5319285,827.9407501,0
9.473613984,344.6289897,835.9351349,0
9.506971779,349.9966049,820.514679,0
9.540329575,353.36164,817.4456024,0
9.573687371,358.2674861,818.3014679,0
9.607045166,363.4705639,822.5453186,0
9.640402962,363.3697987,823.6258698,0
9.673760758,363.1509304,824.5393372,0
9.707118554,363.3454227,828.9624786,0
9.740476349,363.1160402,838.9694214,0
9.773834145,358.4188271,839.0039825,0
9.807191941,354.9939466,854.2047882,0
9.840549736,355.4343224,857.052002,0
9.873907532,353.2961082,861.5650177,0
9.907265328,352.4769402,863.2804108,0
9.940623124,347.0334935,862.5432587,0
9.973980919,342.8836012,863.2276917,0
10.00733872,337.9026747,866.0305786,0
10.04069651,334.3664503,870.7584381,0
10.07405431,331.6954851,875.0569916,0
10.1074121,329.2041636,882.0009613,0
10.1407699,326.1774945,887.0752716,0
10.17412769,325.7201457,889.4431305,0
10.20748549,325.3520823,892.2284698,0
10.24084329,325.0669527,895.0257874,0
10.27420108,323.9435577,892.7590942,0
10.30755888,322.1020174,884.203186,0
10.34091667,319.5731235,881.2086487,0
10.37427447,318.610661,881.8106842,0
10.40763226,317.7094388,880.1887512,0
10.44099006,318.7509727,882.5915527,0
10.47434786,318.9354444,884.6092987,0
10.50770565,319.5706558,889.2028809,0
10.54106345,319.8569226,888.9716339,0
10.57442124,320.0964117,888.9851379,0
10.60777904,320.4758906,888.9022064,0
10.64113683,320.7514071,888.8088989,0
10.67449463,321.3487887,890.8999634,0
10.70785243,324.5043325,901.4350128,0
10.74121022,328.6588597,907.2093964,0
10.77456802,337.5870323,911.0189056,0
10.80792581,350.0808907,915.1992035,0
10.84128361,361.6959286,916.0311127,0
10.8746414,367.9342318,916.2374115,0
10.9079992,369.9469185,917.2242737,0
10.941357,371.9985294,918.7739563,0
10.97471479,373.2106304,918.9213562,0
11.00807259,373.1329107,919.2734528,0
11.04143038,373.785696,920.5573273,0
11.07478818,375.832243,922.1126556,0
11.10814597,376.574893,923.4008026,0
11.14150377,376.8225574,929.2160034,0
11.17486157,375.7575703,932.6996613,0
11.20821936,375.1737499,935.9426117,0
11.24157716,374.9168587,937.7873993,0
11.27493495,375.1227665,936.763916,0
11.30829275,374.9375868,937.166748,0
11.34165054,374.8449755,936.6013336,0
11.37500834,374.7506905,936.492157,0
11.40836614,374.7881126,936.2596893,0
11.44172393,374.7048569,937.7440643,0
11.47508173,374.6045637,937.4632263,0
11.50843952,374.54916,936.2885284,0
11.54179732,374.7330523,935.0917816,0
11.57515511,374.7260571,934.3773651,0
11.60851291,374.6851587,932.4316406,0
11.64187071,374.6596241,930.2259064,0
11.6752285,374.7085047,928.4394836,0
11.7085863,375.1660252,928.3274841,0
11.74194409,375.2585506,925.5285645,0
11.77530189,375.2802658,924.3173981,0
11.80865968,375.270052,920.9898376,0
11.84201748,375.3326654,921.9007874,0
11.87537528,374.9752665,922.7942657,0
11.90873307,374.7601318,923.4243774,0
11.94209087,374.5461559,924.0592194,0
11.97544866,373.818655,924.7319794,0
12.00880646,372.4183702,926.7732239,0
12.04216425,371.7012548,926.9808197,0
12.07552205,371.5956402,927.0315552,0
12.10887985,371.3551426,927.0443726,0
12.14223764,371.1387205,927.2091675,0
12.17559544,371.5873146,927.321167,0
12.20895323,371.8092728,927.3719788,0
12.24231103,372.0481396,927.3799896,0
12.27566882,372.5763416,927.4075317,0
12.30902662,374.57654,927.2648621,0
12.34238442,374.8901653,927.5924683,0
12.37574221,375.6057358,927.4586487,0
12.40910001,375.9469128,927.5321198,0
12.4424578,375.8819818,927.5878143,0
12.4758156,375.9784555,927.9621124,0
12.50917339,376.0632563,928.0515289,0
12.54253119,376.0186672,926.9901276,0
12.57588899,375.6995487,927.817688,0
12.60924678,375.2506542,927.0521545,0
12.64260458,374.6479082,927.0708466,0
12.67596237,374.0115595,926.6337585,0
12.70932017,373.2809687,926.6908264,0
12.74267796,372.2681236,925.0466919,0
12.77603576,371.0058117,923.4944916,0
12.80939356,367.3082685,917.3353577,0
12.84275135,362.9620171,912.2766876,0
12.87610915,349.671607,927.029953,0
12.90946694,354.2821956,923.0979919,0
12.94282474,347.2755575,902.9478455,0
12.97618253,340.7620382,899.0150452,0
13.00954033,335.8922625,900.6733704,0
13.04289813,331.6097188,901.7098236,0
13.07625592,327.5811267,899.0144348,0
13.10961372,324.8625684,898.3394623,0
13.14297151,322.3040628,894.0927887,0
13.17632931,322.4023175,893.6317444,0
13.2096871,322.2112155,888.298111,0
13.2430449,322.5421143,880.2949524,0
13.2764027,322.1752095,879.8950195,0
13.30976049,321.6881418,879.344635,0
13.34311829,322.2102928,880.45578,0
13.37647608,322.8766823,885.4936218,0
13.40983388,322.1798658,892.0410919,0
13.44319167,322.4692869,902.7977753,0
13.47654947,322.6867604,907.2238159,0
13.50990727,323.1643867,908.0382538,0
13.54326506,324.2742848,907.5907898,0
13.57662286,324.6752429,906.6337585,0
13.60998065,325.7478261,904.8332214,0
13.64333845,328.4628439,901.4958954,0
13.67669624,330.873313,897.197876,0
13.71005404,331.0489225,893.9466095,0
13.74341184,330.8815956,890.5183411,0
13.77676963,330.7050848,884.7096252,0
13.81012743,330.5740857,878.7103271,0
13.84348522,329.9925184,878.9104462,0
13.87684302,326.2399793,853.0515289,0
13.91020081,323.8392949,833.4529877,0
13.94355861,323.2344675,825.2155304,0
13.97691641,323.2553244,818.523407,0
14.0102742,324.6472621,804.8038483,0
14.043632,324.5660663,808.0029297,0
14.07698979,321.4889288,863.8852692,0
14.11034759,321.8996501,848.659668,0
14.14370538,321.1479449,890.8183289,0
14.17706318,318.8926578,881.516037,0
14.21042098,318.6014986,898.2115173,0
14.24377877,318.9136004,862.6290131,0
14.27713657,318.959434,885.489502,0
14.31049436,319.0434837,887.0548248,0
14.34385216,322.2873259,917.4256897,0
14.37720995,333.3548284,845.417099,0
14.41056775,338.7238169,845.3907013,0
14.44392555,346.716671,893.5215759,0
14.47728334,348.2532549,895.3608704,0
14.51064114,349.5829654,906.5058899,0
14.54399893,351.3757968,905.9191895,0
14.57735673,352.1235967,903.7201691,0
14.61071452,356.8198657,907.6886749,0
14.64407232,357.3984718,908.8493347,0
14.67743012,359.7734499,906.6680145,0
14.71078791,359.1244626,906.0803223,0
14.74414571,364.8660421,907.4958801,0
14.7775035,368.5286522,911.4090729,0
14.8108613,368.0381298,909.8278809,0
14.84421909,369.6265554,908.8938141,0
14.87757689,375.9556675,908.7930298,0
14.91093469,377.2408962,909.5635223,0
14.94429248,380.2723503,918.8919067,0
14.97765028,386.5937376,918.3975983,0
15.01100807,390.0726271,917.8276062,0
15.04436587,398.0008936,917.3832703,0
15.07772366,400.9205103,929.5706177,0
15.11108146,405.8097267,949.8838806,0
15.14443926,412.4167156,950.0333405,0
15.17779705,411.1438465,961.7731476,0
15.21115485,412.1861744,969.3985748,0
15.24451264,413.3108139,985.6793976,0
15.27787044,415.0124073,985.348053,0
15.31122823,417.2200155,981.2129211,0
15.34458603,415.8785677,987.5666046,0
15.37794383,415.6004333,992.4285126,0
15.41130162,416.0265827,989.9927521,0
15.44465942,417.2858906,987.3648071,0
15.47801721,406.0979891,985.6832886,0
15.51137501,403.151207,975.4325104,0
15.5447328,382.1995926,1001.26236,0
15.5780906,357.0419741,1004.18663,0
15.6114484,367.2712755,1003.514862,0
15.64480619,348.3434629,1003.06488,0
15.67816399,359.66187,1004.939651,0
15.71152178,368.6591148,1005.225983,0
15.74487958,402.6874208,987.1118927,0
15.77823737,397.1051645,999.8511505,0
15.81159517,413.1898785,996.5006256,0
15.84495297,416.0525036,991.4997101,0
15.87831076,417.7706623,991.125412,0
15.91166856,417.9527521,990.9980774,0
15.94502635,418.7205076,990.4602814,0
15.97838415,417.2553778,990.5167389,0
16.01174194,415.0457525,990.7480621,0
16.04509974,407.8831387,990.8653259,0
16.07845754,403.0846882,994.4896698,0
16.11181533,387.4483538,994.2695618,0
16.14517313,387.9430389,1003.706131,0
16.17853092,317.2865295,1003.24707,0
16.21188872,349.1294146,1003.901443,0
16.24524651,355.9757853,1003.738632,0
16.27860431,373.501811,1010.984802,0
16.31196211,365.4440689,1013.202362,0
16.3453199,371.9176769,1015.072556,0
16.3786777,325.7281923,1009.158859,0
16.41203549,323.500886,1005.123672,0
16.44539329,327.4625731,1002.261047,0
16.47875108,307.8480291,998.8131714,0
16.51210888,322.6931334,998.538208,0
16.54546668,311.0151172,996.4476013,0
16.57882447,319.9566793,998.4027863,0
16.61218227,303.8093305,987.9055023,0
16.64554006,301.2922812,981.4373016,0
16.67889786,298.8869619,981.2543488,0
16.71225565,300.3438306,975.9061432,0
16.74561345,301.3725543,965.0865173,0
16.77897125,302.1549869,961.4001465,0
16.81232904,301.5628624,961.7688751,0
16.84568684,302.6867723,964.1310883,0
16.87904463,332.5138593,963.5752869,0
16.91240243,395.7870197,969.0789032,0
16.94576022,412.8990841,982.7978516,0
16.97911802,418.5512495,987.7939606,0
17.01247582,422.9401588,987.4332428,0
17.04583361,422.775836,985.5826569,0
17.07919141,425.6039572,985.0237274,0
17.1125492,423.7975645,985.2328491,0
17.145907,423.7534904,985.1392365,0
17.17926479,423.341589,985.1425934,0
17.21262259,422.8826523,985.2590179,0
17.24598039,423.8397932,985.1595306,0
17.27933818,424.8487329,986.4157104,0
17.31269598,426.4294767,986.4286041,0
17.34605377,427.20294,986.3890839,0
17.37941157,425.9604549,985.3533173,0
17.41276936,424.9246073,983.706131,0
17.44612716,424.1859484,978.5183716,0
17.47948496,423.8432693,978.0892181,0
17.51284275,423.5325623,975.0111389,0
17.54620055,423.392272,973.6161804,0
17.57955834,423.4451437,975.7614899,0
17.61291614,423.1713009,973.6710358,0
17.64627393,423.0939674,966.5835571,0
17.67963173,422.3688698,951.8848419,0
17.71298953,420.3340387,945.4792786,0
17.74634732,421.8218708,951.9815826,0
17.77970512,422.2986603,962.2468567,0
17.81306291,422.26789,962.3026276,0
17.84642071,419.2521429,962.3635864,0
17.8797785,417.042861,962.4330139,0
17.9131363,414.441247,962.5987244,0
17.9464941,413.130784,977.6646423,0
17.97985189,412.9756451,993.4120178,0
18.01320969,407.7713442,998.2442474,0
18.04656748,401.6187,1009.081268,0
18.07992528,397.746706,1005.900574,0
18.11328307,372.266407,1020.619354,0
18.14664087,371.3222694,1036.01799,0
18.17999867,371.0651636,1029.19632,0
18.21335646,367.4991989,1039.961624,0
18.24671426,361.0348606,1035.680313,0
18.28007205,353.2484937,1036.467972,0
18.31342985,354.0077519,1036.133118,0
18.34678764,349.785676,1035.863419,0
18.38014544,348.3660364,1054.962158,0
18.41350324,351.614449,1062.859573,0
18.44686103,352.1655893,971.9641113,0
18.48021883,353.0681419,954.7235107,0
18.51357662,347.5535846,952.2525024,0
18.54693442,337.6741076,946.4142609,0
18.58029221,335.4939008,914.4966125,0
18.61365001,334.6295857,887.1682739,0
18.64700781,329.0342188,898.8210297,0
18.6803656,330.4533005,903.345871,0
18.7137234,316.5526342,993.5240173,0
18.74708119,307.8548312,1002.974167,0
18.78043899,310.3221631,1024.58519,0
18.81379678,318.3997536,939.0912628,0
18.84715458,321.714921,923.6790466,0
18.88051238,322.7625704,927.4452209,0
18.91387017,323.2604098,925.8706665,0
18.94722797,322.1110725,926.3039398,0
18.98058576,321.5100431,925.8167267,0
19.01394356,320.302341,927.077179,0
19.04730135,321.848731,927.2586823,0
19.08065915,322.044425,939.8561096,0
19.11401695,318.9419889,958.8663483,0
19.14737474,319.1318893,977.0937347,0
19.18073254,323.4318781,978.1717682,0
19.21409033,327.9166603,977.3994446,0
19.24744813,332.0674968,996.6421509,0
19.28080592,335.5729938,1008.959274,0
19.31416372,338.0938196,1021.511154,0
19.34752152,340.5004692,1020.681839,0
19.38087931,340.0551367,1020.978317,0
19.41423711,340.212636,1024.445496,0
19.4475949,341.2755203,1022.613297,0
19.4809527,343.7444615,1026.899719,0
19.51431049,346.2008715,1024.837341,0
19.54766829,347.0167351,1023.394623,0
19.58102609,348.0690193,1022.866516,0
19.61438388,349.9860692,1001.017609,0
19.64774168,349.1399074,1002.43454,0
19.68109947,348.9421535,1002.819672,0
19.71445727,349.637661,1003.174133,0
19.74781506,350.7607985,1002.258224,0
19.78117286,350.4143643,1008.798752,0
19.81453066,350.2768207,1014.838943,0
19.84788845,349.5582247,1018.211365,0
19.88124625,349.4154239,1020.26619,0
19.91460404,349.3827438,1021.352081,0
19.94796184,351.0555196,1022.774506,0
19.98131963,350.9700966,1022.525635,0
20.01467743,350.9885073,1029.528427,0
20.04803523,351.7215228,1036.811523,0
20.08139302,354.6092534,1048.877487,0
20.11475082,360.9941769,1049.908524,0
20.14810861,368.130827,1048.116989,0
20.18146641,377.7551937,1039.73732,0
20.2148242,380.7823133,1036.190109,0
20.248182,385.8886385,1028.582458,0
20.2815398,389.1414928,1022.097092,0
20.31489759,392.0534706,1019.942169,0
20.34825539,393.5038376,1019.214401,0
20.38161318,393.1170845,1019.524002,0
20.41497098,393.6499214,1019.307175,0
20.44832877,395.6544971,1019.386139,0
20.48168657,395.2086067,1019.240036,0
20.51504437,393.6122847,1017.238846,0
20.54840216,394.3313313,1016.287994,0
20.58175996,394.8831367,1017.011185,0
20.61511775,394.8428822,1018.907318,0
20.64847555,395.4739094,1019.023972,0
20.68183334,395.0272465,1020.335541,0
20.71519114,394.739027,1023.667526,0
20.74854894,394.7011757,1024.683075,0
20.78190673,394.5661211,1024.400406,0
20.81526453,394.4640255,1024.024277,0
20.84862232,392.8365898,1023.040924,0
20.88198012,392.7921724,1023.063049,0
20.91533791,394.3577242,1005.610352,0
20.94869571,394.2499638,1007.322464,0
20.98205351,393.9418316,992.741394,0
21.0154113,390.995779,991.9444275,0
21.0487691,390.96385,1009.260941,0
21.08212689,391.0422993,1016.667633,0
21.11548469,391.1571407,1016.93222,0
21.14884248,391.147356,1022.84256,0
21.18220028,392.1926022,1022.606583,0
21.21555808,392.3369694,1025.336227,0
21.24891587,392.7176285,1026.151581,0
21.28227367,394.3820572,1025.27092,0
21.31563146,395.5370808,1022.065201,0
21.34898926,395.8294201,1021.309814,0
21.38234705,394.7441769,1019.846268,0
21.41570485,392.2739697,1017.656708,0
21.44906265,392.1005487,1017.549896,0
21.48242044,391.8508244,1016.087494,0
21.51577824,391.4899492,1017.543182,0
21.54913603,390.9493017,1016.182709,0
21.58249383,391.24722,1016.291885,0
21.61585162,391.5393448,1016.41983,0
21.64920942,389.7818327,1012.152863,0
21.68256722,391.5445805,1007.370453,0
21.71592501,393.0381632,1006.32782,0
21.74928281,393.3324337,1003.961029,0
21.7826406,393.4956408,1004.085312,0
21.8159984,392.8580904,1002.671127,0
21.84935619,391.6666317,998.2215881,0
21.88271399,391.9561386,998.5263824,0
21.91607179,390.8284092,998.6425781,0
21.94942958,390.9356976,998.9206696,0
21.98278738,389.95152,998.9641571,0
22.01614517,390.0050354,999.0905762,0
22.04950297,393.3674526,1001.070328,0
22.08286076,393.1370831,1001.953812,0
22.11621856,393.5675669,1003.584976,0
22.14957636,393.7061405,1005.048599,0
22.18293415,394.5995092,1011.865234,0
22.21629195,394.7889376,1011.797638,0
22.24964974,394.8580742,1009.056396,0
22.28300754,395.5515003,1009.67514,0
22.31636533,396.3771057,1011.400299,0
22.34972313,396.3142347,1014.1259,0
22.38308093,396.1308575,1015.929337,0
22.41643872,395.7032919,1015.580368,0
22.44979652,392.6420116,1014.481659,0
22.48315431,391.4985752,1009.542236,0
22.51651211,392.8543997,1014.649811,0
22.5498699,394.1424179,1016.392593,0
22.5832277,394.4522238,1016.487656,0
22.6165855,394.4530392,1017.445602,0
22.64994329,394.6085644,1018.616638,0
22.68330109,394.6110106,1019.493942,0
22.71665888,394.4087505,1014.412308,0
22.75001668,386.7032576,1010.433273,0
22.78337447,381.636672,1002.543182,0
22.81673227,371.1411667,1005.060349,0
22.85009007,359.4583654,1009.172745,0
22.88344786,349.9753833,1015.004349,0
22.91680566,337.0834422,1015.509186,0
22.95016345,329.2330027,1015.495987,0
22.98352125,324.8772669,1011.721344,0
23.01687904,323.1681204,1008.410492,0
23.05023684,321.7389536,1007.605133,0
23.08359464,323.1749654,1011.791153,0
23.11695243,322.5311923,1012.220459,0
23.15031023,322.6491237,1012.036819,0
23.18366802,323.0652952,1012.342148,0
23.21702582,321.9913602,1013.486023,0
23.25038361,321.4535666,1019.131546,0
23.28374141,322.2339392,1026.400681,0
23.31709921,323.1120729,1026.949844,0
23.350457,323.8411188,1033.164902,0
23.48388818,345.9673262,994.7869873,0
23.51724598,341.339035,996.1531067,0
23.55060378,341.650815,996.9642639,0
23.58396157,349.807477,992.2358704,0
23.61731937,356.9955397,1019.151764,0
23.65067716,348.8398218,1015.666962,0
23.68403496,346.7518187,1005.857239,0
23.71739275,372.1780872,1027.270966,0
23.75075055,345.6339598,1004.679718,0
23.78410835,339.3525267,988.7643433,0
23.81746614,339.2770386,961.3006592,0
23.85082394,330.1348686,962.1237183,0
23.88418173,325.2059555,954.7556305,0
23.91753953,323.6586642,949.731369,0
23.95089732,323.1731415,941.8398285,0
23.98425512,323.4911227,924.1719055,0
24.01761292,325.5694699,914.0298462,0
24.05097071,328.7183189,911.7236328,0
24.08432851,329.0557623,906.5755463,0
24.1176863,329.4070888,906.1949158,0
24.1510441,330.0972319,912.665329,0
24.18440189,331.4040899,913.9390564,0
24.21775969,331.4992332,916.7285919,0
24.25111749,331.5978312,917.0360565,0
24.28447528,334.5023417,1047.343063,0
24.31783308,337.9657602,1053.613586,0
24.35119087,338.3603239,1052.854614,0
24.38454867,337.3722839,1030.726242,0
24.41790646,341.9814563,1028.762512,0
24.45126426,346.9768667,1021.31546,0
24.48462206,346.8852425,963.3013153,0
24.51797985,345.6143689,953.6048889,0
24.55133765,343.0498123,1022.74826,0
24.58469544,341.6147661,965.1359558,0
24.61805324,340.9438705,929.955368,0
24.65141103,341.1702919,939.2441559,0
24.68476883,341.4284277,943.9024353,0
24.71812663,341.3492703,931.3648224,0
24.75148442,347.8982806,1005.435028,0
24.78484222,343.5393906,973.7680054,0
24.81820001,340.9136152,896.6356659,0
24.85155781,344.9640083,883.7756348,0
24.8849156,360.4875183,914.1881561,0
24.9182734,369.4678116,979.4161987,0
24.9516312,378.2500935,985.5300903,0
24.98498899,371.9279766,923.9918518,0
25.01834679,385.8344364,1011.165771,0
25.05170458,393.5993671,1021.999969,0
25.08506238,395.0552273,1031.94252,0
25.11842017,390.8985758,1028.474503,0
25.15177797,391.799798,1023.318558,0
25.18513577,396.8609762,1022.118912,0
25.21849356,399.0149403,1018.831406,0
25.25185136,397.6567554,1019.773636,0
25.28520915,396.8201208,1018.22525,0
25.31856695,395.5979347,1016.191635,0
25.35192474,394.7809124,1000.509567,0
25.38528254,392.4094534,992.6142883,0
25.41864034,391.9517612,981.1135864,0
25.45199813,389.9888134,976.6688538,0
25.48535593,384.2948914,975.1028442,0
25.51871372,379.5316744,973.9650726,0
25.55207152,377.3141527,953.8108826,0
25.58542931,370.1101685,943.1858826,0
25.61878711,371.0463238,948.6579132,0
25.65214491,375.9827042,951.6077423,0
25.6855027,375.8620691,953.433075,0
25.7188605,382.6353979,955.5887604,0
25.75221829,383.3271074,956.3406372,0
25.78557609,385.4607296,955.9313965,0
25.81893388,384.7983313,947.1443939,0
25.85229168,387.3947096,948.4806824,0
25.88564948,386.9344425,948.5679626,0
25.91900727,394.7232342,957.1235657,0
25.95236507,399.2825603,968.9881897,0
25.98572286,403.7825775,985.319519,0
26.01908066,409.4089079,995.0704193,0
26.05243845,411.3340473,1002.763901,0
26.08579625,412.6048565,1009.85321,0
26.11915405,412.8701591,1009.006805,0
26.15251184,414.4508171,1011.812286,0
26.18586964,413.3038616,1013.113861,0
26.21922743,413.4255695,1015.125351,0
26.25258523,412.9610968,1014.596329,0
26.28594302,412.8344965,1017.036133,0
26.31930082,412.7239895,1017.448883,0
26.35265862,412.3202419,1017.497864,0
26.38601641,410.9414577,1018.562469,0
26.41937421,410.6044436,1019.53743,0
26.452732,410.3787518,1022.600174,0
26.4860898,409.7259235,1021.691971,0
26.51944759,408.7246227,1021.081619,0
26.55280539,408.5750628,1020.662231,0
26.58616319,408.411212,1024.362335,0
26.61952098,408.3150816,1024.366837,0
26.65287878,407.782588,1024.176788,0
26.68623657,407.6216555,1023.315125,0
26.71959437,407.0284367,1022.489929,0
26.75295216,406.9777107,1021.873398,0
26.78630996,407.0659876,1021.733856,0
26.81966776,406.98874,1021.157532,0
26.85302555,406.9467258,1020.330505,0
26.88638335,407.0295095,1020.207977,0
26.91974114,406.6559315,1020.543213,0
26.95309894,406.7456675,1020.343628,0
26.98645673,406.6650295,1021.539078,0
27.01981453,405.7062578,1025.520401,0
27.05317233,405.2908373,1026.033554,0
27.08653012,405.0621843,1026.962814,0
27.11988792,405.0781059,1029.03183,0
27.15324571,405.0820112,1032.053604,0
27.18660351,405.0832129,1033.198013,0
27.2199613,405.0660467,1034.063873,0
27.2533191,405.0702953,1034.6521,0
27.2866769,405.071969,1033.719635,0
27.32003469,404.9751949,1033.792648,0
27.35339249,404.9774265,1033.231659,0
27.38675028,405.5465269,1032.5383,0
27.42010808,405.5420637,1031.163483,0
27.45346587,405.9355116,1031.137619,0
27.48682367,406.2468195,1031.055145,0
27.52018147,406.9127798,1030.335541,0
27.55353926,406.9161701,1030.293045,0
27.58689706,406.8015003,1030.254898,0
27.62025485,406.6664028,1030.264359,0
27.65361265,406.7720604,1030.241013,0
27.68697044,406.7701721,1030.015335,0
27.72032824,406.9656086,1029.950409,0
27.75368604,408.8601923,1025.503616,0
27.78704383,411.7093849,1020.481796,0
27.82040163,413.3268642,1015.842896,0
27.85375942,413.6391163,1008.105774,0
27.88711722,413.4437656,996.9197083,0
27.92047502,412.2073746,985.5921936,0
27.95383281,410.3929138,970.2405548,0
27.98719061,407.8249454,958.5452271,0
28.0205484,401.0810566,951.8352509,0
28.0539062,398.3680344,948.9607239,0
28.08726399,398.0544949,949.3940735,0
28.12062179,396.5529728,944.5232391,0
28.15397959,393.0613804,940.3829193,0
28.18733738,391.7016506,936.3902283,0
28.22069518,390.4652166,928.2471466,0
28.25405297,380.5683374,924.7830963,0
28.28741077,382.0499897,925.9978485,0
28.32076856,375.7071018,927.75383,0
28.35412636,379.1118765,928.5490417,0
28.38748416,391.9515038,929.5939636,0
28.42084195,396.1351919,966.6593933,0
28.45419975,402.0799971,981.4852142,0
28.48755754,373.687892,871.4247131,0
28.52091534,365.8534813,886.0184479,0
28.55427313,366.9635296,880.3316498,0
28.58763093,371.0847759,887.6320648,0
28.62098873,375.2876472,918.6282349,0
28.65434652,373.3574867,925.1074982,0
28.68770432,371.6440058,923.0988312,0
28.72106211,368.858285,1043.261032,0
28.75441991,369.7050476,1044.038162,0
28.7877777,370.822134,1001.949081,0
28.8211355,371.365571,1033.257828,0
28.8544933,366.0308933,1041.235657,0
28.88785109,359.7043562,1034.937744,0
28.92120889,354.859364,1026.584778,0
28.95456668,355.0804639,962.6529694,0
28.98792448,351.2536812,992.3067474,0
29.02128227,348.2247591,954.7018433,0
29.05464007,349.7183847,993.414917,0
29.08799787,350.4005671,1021.624985,0
29.12135566,350.5222321,987.8755188,0
29.15471346,350.7885218,973.8945007,0
29.18807125,350.4994655,1008.579178,0
29.22142905,350.6606984,1036.395798,0
29.25478684,350.1421309,1060.820007,0
29.28814464,349.1563225,1013.587799,0
29.32150244,339.6235585,1023.944473,0
29.35486023,348.8472033,1024.41246,0
29.38821803,336.480267,1033.154297,0
29.42157582,337.9107213,1023.7883,0
29.45493362,336.6153002,1013.899231,0
29.48829141,333.9045525,1017.26944,0
29.52164921,335.3994226,953.4004974,0
29.55500701,336.0740519,927.5405884,0
29.5883648,337.1804953,924.4150543,0
29.6217226,337.5997996,939.1864014,0
29.65508039,337.6908875,936.0516357,0
29.68843819,337.57478,933.6094666,0
29.72179598,336.8697667,935.621109,0
29.75515378,334.2712641,937.3815918,0
29.78851158,332.4281359,939.3513489,0
29.82186937,330.176518,940.7443237,0
29.85522717,327.2387266,948.1851196,0
29.88858496,323.7427568,955.6137085,0
29.92194276,325.115962,955.603714,0
29.95530055,325.94661,956.2660217,0
29.98865835,326.4315534,958.0622101,0
30.02201615,326.604588,966.8836975,0
30.05537394,326.8523169,969.0021515,0
30.08873174,326.8584967,985.5976868,0
30.12208953,328.0652118,986.4214325,0
30.15544733,327.8392839,988.5583496,0
30.18880512,324.5150185,995.8061981,0
30.22216292,323.5073233,996.129303,0
30.25552072,322.2506976,997.4801636,0
30.28887851,319.9171329,1001.367264,0
30.32223631,319.8739171,1007.53624,0
30.3555941,320.0165033,1008.456268,0
30.3889519,320.1262593,1010.316696,0
30.42230969,320.3489256,1010.04158,0
30.45566749,320.5079699,1009.412003,0
30.48902529,318.5760927,1008.937683,0
30.52238308,318.8335419,1006.321411,0
30.55574088,318.6586833,1007.752914,0
30.58909867,316.7282867,1001.079636,0
30.62245647,321.6788721,1005.670776,0
30.65581426,321.578815,1008.726578,0
30.68917206,322.0852804,1012.44339,0
30.72252986,323.2097697,1017.473297,0
30.75588765,323.069973,1017.222672,0
30.78924545,323.0793715,1017.347641,0
30.82260324,325.081501,1017.717896,0
30.85596104,333.1787252,1018.488922,0
30.88931883,343.3989716,1018.976974,0
30.92267663,346.3171077,1022.506104,0
30.95603443,352.0836639,1026.697235,0
30.98939222,357.4875212,1026.384354,0
31.02275002,366.4754534,1024.204865,0
31.05610781,368.4428644,1016.865234,0
31.08946561,370.7518387,1019.513016,0
31.1228234,373.0726147,1019.934769,0
31.1561812,375.2611256,1020.173721,0
31.189539,375.4833841,1021.171799,0
31.22289679,376.1311054,1022.746201,0
31.25625459,373.7462139,1022.889023,0
31.28961238,375.3735638,1024.162521,0
31.32297018,373.9190769,1026.143265,0
31.35632797,374.5695019,1028.824844,0
31.38968577,375.4978466,1031.804352,0
31.42304357,376.2725973,1028.58345,0
31.45640136,377.5707436,1030.477448,0
31.48975916,377.6330137,1032.408524,0
31.52311695,377.5281715,1032.753677,0
31.55647475,378.610754,1032.818604,0
31.58983254,378.571701,1034.645538,0
31.62319034,379.5685387,1035.079651,0
31.65654814,379.3423748,1035.005646,0
31.68990593,379.0618801,1039.829941,0
31.72326373,378.9663506,1042.927933,0
31.75662152,379.7758198,1042.545242,0
31.78997932,380.1841164,1042.150726,0
31.82333711,380.385046,1041.839523,0
31.85669491,381.1102724,1039.793091,0
31.89005271,381.4097357,1037.324677,0
31.9234105,381.3696527,1040.586166,0
31.9567683,381.6839647,1038.262024,0
31.99012609,381.676712,1037.479172,0
32.02348389,381.5110159,1032.191925,0
32.05684168,381.4637661,1023.18718,0
32.09019948,382.0718336,1020.750122,0
32.12355728,382.0365572,1020.670471,0
32.15691507,381.3647175,1020.593109,0
32.19027287,356.2863421,974.7000885,0
32.22363066,365.6177902,990.0393677,0
32.25698846,370.4018211,996.9508362,0
32.29034625,371.2860918,990.9351349,0
32.32370405,371.3627386,993.4125519,0
32.35706185,372.3528814,995.6586456,0
32.39041964,374.2905092,997.1147919,0
32.42377744,374.1028833,975.541687,0
32.45713523,373.8174963,976.4910126,0
32.49049303,373.923068,980.8930206,0
32.52385082,373.7957811,987.0302582,0
32.55720862,374.6504831,1002.212601,0
32.59056642,375.2681637,1006.794891,0
32.62392421,376.4476061,1009.548492,0
32.65728201,376.6018009,1009.853058,0
32.6906398,376.6049337,1011.315765,0
32.7239976,376.066947,1009.795914,0
32.75735539,376.1637211,1014.670029,0
32.79071319,373.1051445,1014.9646,0
32.82407099,373.1086206,1019.511719,0
32.85742878,372.4153233,1021.945343,0
32.89078658,372.0756054,1029.911423,0
32.92414437,374.2305565,1029.575195,0
32.95750217,374.76408,1029.450836,0
32.99085996,374.9478006,1028.598557,0
33.02421776,376.4365768,1032.509766,0
33.05757556,373.8438034,1032.281265,0
33.09093335,365.0167179,1030.083084,0
33.12429115,349.4993663,1030.052872,0
33.15764894,326.3959122,1005.937576,0
33.19100674,315.9944344,1006.013489,0
33.22436453,309.1433644,999.7607422,0
33.25772233,303.9645767,999.4147491,0
33.29108013,302.1608663,996.9104004,0
33.32443792,301.6020441,992.6702118,0
33.35779572,300.5476999,990.8840179,0
33.39115351,302.8081584,988.2180786,0
33.42451131,301.3928533,985.823822,0
33.4578691,302.713573,987.6074219,0
33.4912269,301.1038399,992.2987366,0
33.5245847,300.5657458,993.9444733,0
33.55794249,299.810071,998.3248901,0
33.59130029,300.8040118,998.325119,0
33.62465808,301.782589,1001.344528,0
33.65801588,301.6090393,1007.080078,0
33.69137367,302.2445941,1005.272598,0
33.72473147,303.9104605,991.512146,0
33.75808927,303.9401364,993.3681488,0
33.79144706,303.4832382,993.6420441,0
33.82480486,305.9818769,986.4225006,0
33.85816265,305.958724,984.1960907,0
33.89152045,305.9492183,984.7311401,0
33.92487824,307.1406126,985.3221893,0
33.95823604,306.0812902,988.2162476,0
33.99159384,304.9655771,988.4629059,0
34.02495163,304.8736954,987.3387909,0
34.05830943,303.1856847,982.0463562,0
34.09166722,302.6898837,978.1491852,0
34.12502502,302.4624109,965.7978821,0
34.15838281,303.8566017,953.0918884,0
34.19174061,307.3796511,940.2816772,0
34.22509841,312.9141426,928.4928131,0
34.2584562,318.2858348,927.2035217,0
34.291814,316.5917087,1064.128342,0
34.32517179,315.7886767,1046.077118,0
34.35852959,315.1948357,1010.551834,0
34.39188738,311.0343432,994.0074921,0
34.42524518,310.9555507,994.2948914,0
34.45860298,319.3024135,940.2378845,0
34.49196077,322.4835134,922.3522949,0
34.52531857,321.9976687,944.3228912,0
34.55867636,320.9939432,963.2233429,0
34.59203416,327.22332,947.2570801,0
34.62539195,337.1394038,942.8754425,0
34.65874975,346.7517543,1011.285172,0
34.69210755,355.0354457,998.7278748,0
34.72546534,359.7682142,1031.193771,0
34.75882314,361.8966436,1045.335541,0
34.79218093,360.3083897,1029.654922,0
34.82553873,358.7032056,931.2145233,0
34.85889652,357.282021,941.6642761,0
34.89225432,356.6637611,942.6280212,0
34.92561212,364.3433762,980.1197815,0
34.95896991,365.5356073,992.3381042,0
34.99232771,366.2692022,996.0334015,0
35.0256855,368.4026957,1008.641739,0
35.0590433,372.6072407,1024.458694,0
35.09240109,374.4150496,1020.413742,0
35.12575889,373.6567354,1018.064041,0
35.15911669,373.535285,1013.742599,0
35.19247448,374.7761393,1004.549408,0
35.22583228,384.6219492,1012.371674,0
35.25919007,384.4923878,1000.106888,0
35.29254787,386.7788744,998.9939117,0
35.32590566,391.7929316,1000.185089,0
35.35926346,398.7692928,997.6696014,0
35.39262126,404.9250698,994.826355,0
35.42597905,410.2857113,994.7268677,0
35.45933685,410.862751,995.262146,0
35.49269464,413.2094049,995.2896881,0
35.52605244,414.4087601,1002.126007,0
35.55941023,416.6461086,1008.616638,0
35.59276803,417.2037077,1013.958359,0
35.62612583,415.7313251,1020.219727,0
35.65948362,421.1013651,1012.47612,0
35.69284142,420.0744438,1012.963638,0
35.72619921,419.3038988,1018.583755,0
35.75955701,420.2556324,1017.902374,0
35.7929148,420.7504463,1017.500992,0
35.8262726,422.290163,1015.197449,0
35.8596304,421.5922308,1014.219971,0
35.89298819,415.8754778,1012.91687,0
35.92634599,412.9668903,1007.997208,0
35.95970378,413.4658241,1005.145416,0
35.99306158,413.6128092,1003.688583,0
36.02641937,415.1863432,1003.785706,0
36.05977717,415.1781464,1006.566391,0
36.09313497,414.5899487,1006.902924,0
36.12649276,414.8052549,1006.996841,0
36.15985056,414.8394585,1007.037125,0
36.19320835,414.8842621,1007.104492,0
36.22656615,414.9826241,1007.025604,0
36.25992394,415.1235151,1006.998901,0
36.29328174,415.2844906,1006.71875,0
36.32663954,415.2559519,1006.645737,0
36.35999733,415.2874517,1008.094864,0
36.39335513,415.304575,1008.115158,0
36.42671292,411.4025402,1008.125076,0
36.46007072,409.4142723,1008.127594,0
36.49342851,408.0256176,1011.011963,0
36.52678631,406.6243887,1018.437729,0
36.56014411,396.6883278,1016.24794,0
36.5935019,383.3157778,1008.143768,0
36.6268597,389.1978836,1010.212021,0
36.66021749,333.6899328,995.9005737,0
36.69357529,347.3657227,996.553421,0
36.72693308,384.860816,1015.537415,0
36.76029088,396.6386747,1018.915253,0
36.79364868,398.2499313,1018.771896,0
36.82700647,398.788476,1018.937302,0
36.86036427,400.5044031,1021.422195,0
36.89372206,400.9576321,1022.72644,0
36.92707986,401.6377544,1026.763916,0
36.96043765,401.5228701,1026.727295,0
36.99379545,401.6299438,1027.370148,0
37.02715325,401.5222263,1027.63237,0
37.06051104,401.9161892,1029.105911,0
37.09386884,401.7597198,1029.06044,0
37.12722663,401.721139,1027.126541,0
37.16058443,401.5955257,1027.05986,0
37.19394222,401.6477966,1025.36705,0
37.22730002,401.5240717,1025.912018,0
37.26065782,401.4548063,1026.492538,0
37.29401561,401.5823078,1025.887604,0
37.32737341,401.5689182,1025.919037,0
37.3607312,401.6021347,1027.646255,0
37.394089,401.5950537,1026.969299,0
37.42744679,401.6400719,1027.57225,0
37.46080459,401.7397213,1027.569351,0
37.49416239,403.1712055,1027.461395,0
37.52752018,406.3601589,1028.288269,0
37.56087798,410.3769922,1026.851654,0
37.59423577,414.6704149,1022.140656,0
37.62759357,420.0997639,1015.648422,0
37.66095136,422.0817661,1009.908066,0
37.69430916,422.4340153,1007.256927,0
37.72766696,422.5259399,1007.190247,0
37.76102475,422.6444721,1006.248474,0
37.79438255,423.2649422,1006.435852,0
37.82774034,423.0839682,1006.764297,0
37.86109814,424.7991228,1006.818008,0
37.89445593,426.9238186,1007.144394,0
37.92781373,427.3987627,1007.261505,0
37.96117153,427.6908875,1006.997147,0
37.99452932,427.6937628,1008.112106,0
38.02788712,428.5267067,1006.42601,0
38.06124491,428.4573126,1005.435944,0
38.09460271,427.6550961,1005.804367,0
38.1279605,427.5808096,1005.343628,0
38.1613183,427.4903011,1005.447464,0
38.1946761,429.9440289,1006.076736,0
38.22803389,429.8358822,1004.139557,0
38.26139169,429.6542645,1003.714294,0
38.29474948,429.6307039,1003.798828,0
38.32810728,429.9617958,1003.570633,0
38.36146507,429.5372772,995.8146667,0
38.39482287,421.4014721,990.1708221,0
38.42818067,411.9909954,980.3037262,0
38.46153846,405.9367561,978.9678955,0
38.49489626,400.6838322,979.3565369,0
38.52825405,394.9677658,1007.380753,0
38.56161185,389.6159649,1027.26387,0
38.59496964,391.1429787,1025.518875,0
38.62832744,387.0707417,1022.543411,0
38.66168524,388.151865,1023.562927,0
38.69504303,387.7651119,1021.091614,0
38.72840083,386.2505436,1019.48555,0
38.76175862,383.4031963,1011.004333,0
38.79511642,380.5914259,996.6920471,0
38.82847421,382.3145199,996.8719482,0
38.86183201,380.5397129,1011.31279,0
38.89518981,380.3568935,1039.153442,0
38.9285476,376.4523268,1037.568817,0
38.9619054,374.8422289,1035.079727,0
38.99526319,354.666481,1080.633926,0
39.02862099,343.8446689,1078.698273,0
39.06197878,345.285058,1047.254257,0
39.09533658,343.1564784,1038.99231,0
39.12869438,338.6214209,1016.176758,0
39.16205217,328.415401,1016.765747,0
39.19540997,326.2478757,1021.403427,0
39.22876776,320.3516507,1021.610336,0
39.26212556,315.1180601,1072.565765,0
39.29548335,317.3288012,1067.944107,0
39.32884115,317.6587558,1063.27301,0
39.36219895,319.8215604,1080.464706,0
39.39555674,321.0861254,1078.794403,0
39.42891454,317.4388361,1077.134476,0
39.46227233,331.5875745,970.9505463,0
39.49563013,332.5405955,924.5137787,0
39.52898792,331.5109062,936.8882751,0
39.56234572,327.2397566,922.5506592,0
39.59570352,321.1912465,926.6228485,0
39.62906131,315.3638148,928.6101532,0
39.66241911,314.5845151,930.0276947,0
39.6957769,315.5364847,936.0362244,0
39.7291347,315.4198837,937.8408051,0
39.76249249,315.334053,941.8454742,0
39.79585029,314.5362353,942.9327393,0
39.82920809,314.6367002,943.2020569,0
39.86256588,314.6404982,945.5123901,0
39.89592368,313.6790013,946.8914795,0
39.92928147,312.5517225,956.3308716,0
39.96263927,312.4261093,961.5445709,0
39.99599706,312.8959894,962.0101929,0
40.02935486,313.0147362,962.7022552,0
40.06271266,303.8320112,964.5414734,0
40.09607045,303.6831808,969.6006775,0
40.12942825,304.0912628,969.5720673,0
40.16278604,304.390018,967.7196503,0
40.19614384,301.6904712,965.0941467,0
40.22950163,300.5699301,959.3963623,0
40.26285943,298.7322092,957.6042938,0
40.29621723,299.4132543,963.0080414,0
40.32957502,299.7578001,969.7760773,0
40.36293282,299.821744,973.637619,0
40.39629061,299.9056005,972.4846649,0
40.42964841,301.0184598,972.8244019,0
40.4630062,301.8036389,974.3994904,0
40.496364,303.6959267,974.2736816,0
40.5297218,308.0510402,977.0865631,0
40.56307959,308.887074,993.7592316,0
40.59643739,309.8358679,1004.899826,0
40.62979518,313.6115384,1014.538422,0
40.66315298,322.203598,1035.582809,0
40.69651077,328.5096216,1039.487,0
40.72986857,332.4632835,1031.199341,0
40.76322637,337.9848146,1030.393524,0
40.79658416,350.3118825,1029.553146,0
40.82994196,353.3086395,1036.369019,0
40.86329975,358.547101,1063.719711,0
40.89665755,358.1725574,1060.878983,0
40.93001534,356.9491911,1060.298538,0
40.96337314,358.2425952,1057.900162,0
40.99673094,357.5848532,1054.908524,0
41.03008873,357.3233271,1056.734238,0
41.06344653,356.8120122,1066.11763,0
41.09680432,356.5560651,1071.795578,0
41.13016212,355.8492279,1070.85968,0
41.16351991,355.6672239,1068.229523,0
41.19687771,350.2241206,1057.448425,0
41.23023551,350.0998378,1044.635391,0
41.2635933,351.2252927,1062.331467,0
41.2969511,352.1510625,1074.985886,0
41.33030889,352.8298759,1076.283417,0
41.36366669,352.8399396,1075.315857,0
41.39702448,353.087647,1076.345825,0
41.43038228,353.2417345,1081.054459,0
41.46374008,353.4176445,1083.54187,0
41.49709787,353.2403612,1078.927765,0
41.53045567,344.5468712,1049.734955,0
41.56381346,314.8810816,1051.788177,0
41.59717126,302.0330858,1049.393845,0
41.63052905,333.685813,1059.034195,0
41.66388685,347.7831602,1075.919037,0
41.69724465,347.8071928,1075.714645,0
41.73060244,349.5417452,1078.817139,0
41.76396024,350.6085777,1080.419922,0
41.79731803,349.9364591,1082.066956,0
41.83067583,300.9842992,1058.908005,0
41.86403362,314.7668839,1059.365768,0
41.89739142,327.8698397,1059.793549,0
41.93074922,293.5685921,1045.648193,0
41.96410701,310.5650854,1046.478424,0
41.99746481,317.0921445,1047.266083,0
42.0308226,296.3020635,1042.359619,0
42.0641804,292.9240036,1044.842682,0
42.09753819,291.5464854,1041.902695,0
42.13089599,289.6356583,1037.047272,0
42.16425379,294.2745066,1037.497711,0
42.19761158,345.2976751,1070.340958,0
42.23096938,354.1949272,1091.310425,0
42.26432717,356.625309,1089.069672,0
42.29768497,356.8592191,1088.455429,0
42.33104276,359.380517,1086.432724,0
42.36440056,358.1071973,1085.549164,0
42.39775836,354.6259689,1084.576416,0
42.43111615,354.2593646,1086.281891,0
42.46447395,353.4263349,1089.374313,0
42.49783174,353.4251332,1088.689346,0
42.53118954,353.423245,1085.40863,0
42.56454733,360.4661894,1079.73732,0
42.59790513,359.5895576,1076.665344,0
42.63126293,358.8584948,1076.896286,0
42.66462072,358.1977916,1073.96286,0
42.69797852,358.2889438,1072.296143,0
42.73133631,357.9809618,1060.988312,0
42.76469411,356.6115761,1046.559677,0
42.7980519,356.1107755,1048.993835,0
42.8647675,360.2946568,1054.533386,0
42.89812529,355.7611656,1053.835297,0
42.93148309,353.0194974,1051.508789,0
42.96484088,347.8417397,1049.106674,0
42.99819868,345.4608393,1048.890915,0
43.03155647,341.2695122,1048.982773,0
43.06491427,333.4249949,1043.636093,0
43.09827207,327.3097086,1024.99794,0
43.13162986,318.4506726,1026.491241,0
43.16498766,309.5441294,1017.10907,0
43.19834545,306.2238121,1003.975601,0
43.23170325,309.2814445,977.3694611,0
43.26506104,314.3839717,957.2265625,0
43.29841884,315.1618123,966.1302185,0
43.33177664,317.6024508,974.9884796,0
43.36513443,318.7271547,979.0254974,0
43.39849223,333.4766006,1035.464706,0
43.43185002,342.939477,1034.761047,0
43.46520782,339.5854068,1032.837906,0
43.49856561,309.8592138,1002.654953,0
43.53192341,301.3674045,996.0166168,0
43.56528121,302.0310903,991.2657166,0
43.69871239,382.1945286,121.1144638,0
43.73207018,342.5443125,91.89031601,0
43.76542798,325.7739401,96.1932373,0
43.79878578,308.3361697,80.0297451,0
43.83214357,338.4408116,70.99498272,0
43.89885916,321.328361,105.6961441,0
43.93221696,338.1576777,71.39312267,0
43.96557475,331.5591431,44.24043655,0
43.99893255,339.5373845,112.6715469,0
44.03229035,337.5514984,17.01086283,0
44.06564814,349.3009257,37.20141649,0
44.09900594,366.1687803,53.79660606,0
44.13236373,372.2699261,135.8104134,0
44.16572153,376.0744572,120.6088734,0
44.19907932,371.0089874,139.603796,0
44.23243712,370.3916502,130.2363777,0
44.26579492,368.8417625,126.2631607,0
44.29915271,374.5959806,143.981514,0
44.33251051,370.039916,254.8763084,0
44.3658683,371.7441273,198.9621925,0
44.3992261,373.0218887,179.8754311,0
44.43258389,371.1249447,182.1938705,0
44.46594169,369.1957283,179.1387939,0
44.49929949,368.8590145,121.4655781,0
44.53265728,351.2134695,135.7438469,0
44.56601508,352.0307922,168.1806755,0
44.59937287,343.6839294,97.44785309,0
44.63273067,343.1791377,200.7981491,0
44.69944626,355.791893,902.0014954,0
44.73280406,352.2617841,898.9081573,0
44.76616185,352.0939207,902.4528503,0
44.79951965,352.1756744,934.3200684,0
44.83287744,356.2509155,952.8885651,0
44.86623524,365.143404,979.8365784,0
44.89959303,374.5208359,988.5305023,0
44.93295083,378.9307308,1029.199982,0
44.96630863,383.1733418,1030.457764,0
44.99966642,382.1639299,1032.743378,0
45.03302422,383.3808804,1028.131256,0
45.06638201,382.9723263,1019.678268,0
45.09973981,381.9288826,1013.893967,0
45.1330976,381.0549974,1020.544815,0
45.1664554,383.2352257,1017.188797,0
45.1998132,383.5926247,1016.694107,0
45.23317099,385.4229641,1033.477936,0
45.26652879,392.6220131,987.4386597,0
45.29988658,394.8340416,988.5891724,0
45.33324438,405.35182,989.654541,0
45.36660217,412.6166582,990.4800415,0
45.39995997,415.2536774,996.2944794,0
45.43331777,418.0875921,998.2491302,0
45.46667556,420.1136255,996.2683105,0
45.50003336,419.7632217,994.1159058,0
45.53339115,419.4814396,993.2791901,0
45.56674895,420.7328939,992.2779083,0
45.60010674,422.4897194,992.1003723,0
45.63346454,422.0131016,992.1469116,0
45.66682234,421.6233015,992.2270966,0
45.70018013,420.9630919,992.8096771,0
45.73353793,420.4437733,992.9415131,0
45.76689572,420.0438023,992.0307922,0
45.80025352,419.8334742,992.0859528,0
45.83361131,419.8712826,993.3695984,0
45.86696911,420.9984112,993.3850098,0
45.90032691,420.7989407,993.5708618,0
45.9336847,420.954423,992.1417236,0
45.9670425,420.8954144,992.7727509,0
46.00040029,418.4198856,992.9662323,0
46.03375809,416.1319399,993.9877319,0
46.06711588,416.1462307,994.0118408,0
46.10047368,414.5881891,996.1251068,0
46.13383148,413.4222651,995.2236176,0
46.16718927,413.5295105,995.8408356,0
46.20054707,414.4085455,996.3474274,0
46.23390486,414.7042751,997.5429535,0
46.26726266,414.6946621,998.6404419,0
46.30062046,411.6998577,1002.949219,0
46.33397825,408.755908,1005.001068,0
46.36733605,405.4273939,1007.730713,0
46.40069384,398.9846849,1009.285355,0
46.43405164,391.1268854,1009.238739,0
46.46740943,381.158123,1004.374237,0
46.50076723,324.9916148,1003.250885,0
46.53412503,323.8173866,990.7889557,0
46.56748282,342.6666212,991.3291168,0
46.60084062,328.0643964,987.7223206,0
46.63419841,314.6008229,988.2743835,0
46.66755621,325.6109476,989.7438049,0
46.700914,336.5989923,990.0550079,0
46.7342718,376.9304466,1012.350998,0
46.7676296,383.1688786,1021.305542,0
46.80098739,383.9588642,1023.977432,0
46.83434519,383.8998127,1027.115021,0
46.86770298,384.091773,1029.15596,0
46.90106078,385.1388645,1030.80368,0
46.93441857,387.594223,1042.043304,0
46.96777637,389.1218805,1039.712753,0
47.00113417,389.9007082,1038.200378,0
47.03449196,389.8814821,1038.000412,0
47.06784976,389.7704601,1037.513123,0
47.10120755,390.0217724,1036.998825,0
47.13456535,389.8322153,1036.425705,0
47.16792314,389.8169374,1036.210175,0
47.20128094,389.7275448,1035.835495,0
47.23463874,389.7566414,1034.75502,0
47.26799653,389.8928976,1033.486786,0
47.30135433,389.9331951,1033.0867,0
47.33471212,389.8595095,1031.660156,0
47.36806992,389.691925,1032.741776,0
47.40142771,389.7316647,1033.424606,0
47.43478551,389.7085762,1033.839417,0
47.46814331,389.7291327,1034.863358,0
47.5015011,389.8463345,1036.526947,0
47.5348589,393.4551716,1036.534271,0
47.56821669,399.4655514,1034.848709,0
47.60157449,406.2974596,1034.794159,0
47.63493228,411.0499907,1028.800125,0
47.66829008,412.8361273,1018.556747,0
47.70164788,415.0850201,1009.404831,0
47.73500567,416.8683672,1004.535294,0
47.76836347,418.9782572,1001.072464,0
47.80172126,420.3176451,1000.192719,0
47.83507906,420.272541,999.920578,0
47.86843685,422.6846838,1000.450211,0
47.90179465,422.8532553,1000.562057,0
47.93515245,422.6109982,1001.468964,0
47.96851024,422.3523045,1001.749878,0
48.00186804,422.3279285,1001.206284,0
48.03522583,422.2599506,1000.5616,0
48.06858363,423.0045748,998.2221985,0
48.10194142,422.7764797,998.4523773,0
48.13529922,422.7384567,993.937149,0
48.16865702,422.6170492,995.7886505,0
48.20201481,422.5190306,993.7353516,0
48.23537261,420.9408617,994.5313263,0
48.2687304,416.8799114,995.2575684,0
48.3020882,415.5689335,996.6629028,0
48.33544599,415.735445,1003.490906,0
48.36880379,420.5565548,1001.57074,0
48.40216159,420.6183529,1001.352539,0
48.43551938,420.7708311,1001.345139,0
48.46887718,420.7559395,1001.208954,0
48.50223497,422.3564243,990.5615234,0
48.53559277,421.0669899,974.2595673,0
48.56895056,417.8181267,962.274704,0
48.60230836,409.2894745,966.2173462,0
48.63566616,404.623847,968.9234924,0
48.66902395,399.9865437,970.56427,0
48.70238175,392.4385929,969.7242737,0
48.73573954,394.6892452,968.0045319,0
48.76909734,393.5437918,967.9220581,0
48.80245513,391.4105988,968.0021667,0
48.83581293,387.0590258,968.4619904,0
48.86917073,386.7649698,981.9112396,0
48.90252852,385.0693417,981.7958069,0
48.93588632,386.7950964,981.7915344,0
48.96924411,387.8258801,993.3413696,0
49.00260191,386.3310957,992.3499298,0
49.0359597,382.8092051,1001.538391,0
49.0693175,383.989377,1015.685425,0
49.1026753,384.504962,1002.991409,0
49.13603309,379.7778797,1062.039948,0
49.16939089,378.515439,962.2129059,0
49.20274868,355.3656578,966.5241241,0
49.23610648,352.4423933,992.7975464,0
49.26946427,347.1529913,1012.750244,0
49.30282207,350.6945157,1013.739395,0
49.33617987,354.4421625,933.9833069,0
49.36953766,342.4762273,987.9751587,0
49.40289546,346.5916371,939.3466949,0
49.43625325,349.0915418,920.8433533,0
49.46961105,352.1009374,923.4346771,0
49.50296884,343.449676,990.2523041,0
49.53632664,347.4251604,914.6212769,0
49.56968444,348.9285278,900.9216309,0
49.60304223,344.0260506,896.6404724,0
49.63640003,343.9815259,905.2760315,0
49.66975782,338.7656593,910.268631,0
49.70311562,330.9846354,913.0802155,0
49.73647341,325.9401941,921.4998627,0
49.76983121,321.5963244,938.3598328,0
49.80318901,317.3397017,957.5545502,0
49.8365468,314.2952228,965.8663177,0
49.8699046,314.9319148,972.1240234,0
49.90326239,314.1938782,974.3942261,0
49.93662019,314.200294,972.6499939,0
49.96997798,314.8341322,974.3817139,0
50.00333578,315.8398962,979.8498535,0
50.03669358,316.6770244,980.8551788,0
50.07005137,317.1444368,981.1052704,0
50.10340917,314.297905,980.0949097,0
50.13676696,314.8369861,982.2563934,0
50.17012476,314.5443678,985.5781555,0
50.20348255,311.7295718,984.8674774,0
50.23684035,311.8445635,984.3560028,0
50.27019815,312.2654772,978.9866638,0
50.30355594,311.7569733,972.3059845,0
50.33691374,309.1324425,970.5465698,0
50.37027153,303.317821,968.0815887,0
50.40362933,300.5491376,967.2439575,0
50.43698712,300.2146339,966.1462402,0
50.47034492,300.9373283,964.1110992,0
50.50370272,301.0461617,964.192276,0
50.53706051,300.4379654,964.2019653,0
50.57041831,300.7557106,966.3664246,0
50.6037761,301.0046196,974.4510651,0
50.6371339,300.9779692,985.4721069,0
50.67049169,302.3724604,989.171524,0
50.70384949,306.010952,988.9064789,0
50.73720729,311.4256668,989.5161438,0
50.77056508,317.3280287,1008.666992,0
50.80392288,324.9121141,1016.177444,0
50.83728067,336.7878199,1027.132187,0
50.87063847,343.4119534,1045.044785,0
50.90399626,342.929306,1053.660355,0
50.93735406,343.9630508,1059.640656,0
50.97071186,347.2199392,1066.458588,0
51.00406965,349.3625951,1062.050247,0
51.03742745,350.0762558,1058.022919,0
51.07078524,350.6886792,1055.479279,0
51.10414304,350.0081706,1053.835831,0
51.13750083,349.3608999,1053.393555,0
51.17085863,349.1844749,1053.452911,0
51.20421643,346.9191241,1052.951279,0
51.23757422,345.0410414,1052.662888,0
51.27093202,345.4698944,1057.787323,0
51.30428981,345.5118227,1067.499008,0
51.33764761,345.6103134,1073.071747,0
51.3710054,344.5986485,1075.757828,0
51.4043632,345.4666328,1080.085907,0
51.437721,346.209712,1084.914474,0
51.47107879,346.8725824,1086.009445,0
51.50443659,346.6565251,1085.737534,0
51.53779438,344.537816,1079.754333,0
51.57115218,344.5329666,1077.028427,0
51.60450997,343.8755679,1068.847656,0
51.63786777,351.9241476,1073.180542,0
51.67122557,353.5695219,1073.940201,0
51.70458336,340.9284639,1058.860168,0
51.73794116,341.1596489,1050.324631,0
51.77129895,321.6614485,1012.65419,0
51.80465675,319.1203451,990.9127808,0
51.83801454,323.6464119,987.428894,0
51.87137234,317.5637627,983.5352325,0
51.90473014,318.8451076,977.4084473,0
51.93808793,314.2749453,960.286026,0
51.97144573,316.5512395,960.3536224,0
52.00480352,328.7310863,964.9128723,0
52.03816132,353.5643077,966.4478302,0
52.07151911,348.5526323,970.4748535,0
52.10487691,362.7152538,1005.566101,0
52.13823471,372.2421598,1011.33255,0
52.1715925,372.9343843,1010.531006,0
52.2049503,381.0626793,1041.23764,0
52.23830809,373.1275463,1037.10083,0
52.27166589,357.8860545,1008.362122,0
52.30502368,344.1259146,1008.275146,0
52.33838148,347.2775531,1011.487961,0
52.37173928,365.4683161,1033.802185,0
52.40509707,379.9361515,1052.450485,0
52.43845487,382.9741716,1060.029068,0
52.47181266,379.951601,1061.335602,0
52.50517046,379.4143009,1065.814133,0
52.53852825,379.5778942,1065.272446,0
52.57188605,378.8778591,1064.163513,0
52.60524385,379.4526243,1065.803146,0
52.63860164,380.6114674,1067.894135,0
52.67195944,381.8002224,1066.748505,0
52.70531723,382.6950932,1066.769333,0
52.73867503,382.4450254,1066.538391,0
52.77203282,382.7162075,1067.430954,0
52.80539062,383.076911,1068.030701,0
52.83874842,383.2415342,1068.652802,0
52.87210621,383.4658527,1069.242859,0
52.90546401,383.3205843,1069.555435,0
52.9388218,383.3674479,1069.469528,0
52.9721796,383.3218288,1069.761276,0
53.00553739,383.6763096,1071.051178,0
53.03889519,384.0053844,1072.346344,0
53.07225299,384.5056057,1073.253021,0
53.10561078,384.4544935,1073.688889,0
53.13896858,384.4556522,1073.673248,0
53.17232637,384.7436571,1073.024979,0
53.20568417,384.9196529,1072.412338,0
53.23904196,385.6817007,1068.704681,0
53.27239976,385.9675598,1068.028641,0
53.30575756,386.2230349,1066.769638,0
53.33911535,386.222477,1067.26944,0
53.37247315,386.1783171,1072.275085,0
53.40583094,386.1376762,1073.067703,0
53.43918874,386.1213684,1073.905945,0
53.47254653,385.7116985,1072.99942,0
53.50590433,385.7975292,1073.055649,0
53.53926213,385.80019,1073.036118,0
53.57261992,385.9179497,1070.516052,0
53.60597772,385.902071,1068.58551,0
53.63933551,385.6560802,1066.550674,0
53.67269331,385.6335926,1059.806747,0
53.7060511,384.2135239,1055.149536,0
53.7394089,377.150259,1054.979248,0
53.7727667,368.4713602,1055.152969,0
53.80612449,363.2567167,1071.547165,0
53.83948229,352.2577715,1071.31813,0
53.87284008,339.5526838,1070.99884,0
53.90619788,323.505435,1057.27005,0
53.93955567,311.5361094,1045.302505,0
53.97291347,310.2009058,1040.262375,0
54.00627127,309.1666675,1041.93573,0
54.03962906,308.2417989,1042.364655,0
54.07298686,310.6131506,1042.345734,0
54.10634465,308.2045054,1040.6707,0
54.13970245,307.2015309,1040.471878,0
54.17306024,306.7740297,1040.860748,0
54.20641804,307.0442247,1041.198273,0
54.23977584,308.4973598,1040.993958,0
54.27313363,309.2047763,1043.34137,0
54.30649143,310.0904846,1045.40451,0
54.33984922,310.6357884,1053.644104,0
54.37320702,310.90976,1057.41188,0
54.40656481,313.6447763,1062.077332,0
54.43992261,314.8393679,1068.404846,0
54.47328041,314.67556,1069.516144,0
54.5066382,314.7488165,1069.302216,0
54.539996,316.5019941,1065.695648,0
54.57335379,325.7489204,1049.236908,0
54.60671159,339.3800998,1011.611099,0
54.64006938,365.3109026,1019.851761,0
54.67342718,381.4178896,958.2102966,0
54.70678498,387.4904537,949.3706512,0
54.74014277,374.5066738,964.5363617,0
54.80685836,429.8578978,-48.02237511,0
54.84021616,395.6089211,57.64195442,0
54.87357395,427.5712824,-159.1222095,0
54.90693175,406.3465977,165.9744263,0
54.97364734,368.9122725,919.8945618,0
55.00700514,315.1685715,977.9559326,0
55.04036293,312.2480321,697.8607941,0
55.07372073,326.0596275,794.7797394,0
55.10707852,308.6866808,829.2626953,0
55.14043632,313.2831073,762.7328491,0
55.17379412,315.4495811,1061.587372,0
55.20715191,329.1698313,1119.939575,0
55.24050971,335.7075548,1121.636581,0
55.2738675,357.739799,1123.207016,0
55.3072253,354.5884395,1090.0383,0
55.34058309,347.9632115,1077.06131,0
55.37394089,351.8411708,1012.877045,0
55.40729869,350.8692026,1062.846146,0
55.44065648,369.9009562,1060.209656,0
55.47401428,396.5826702,999.0605164,0
55.50737207,393.1770372,933.2048798,0
55.54072987,451.402173,281.6884995,0
55.57408766,378.2163191,700.4496765,0
55.60744546,360.6901646,920.9953308,0
55.64080326,358.0733371,974.4606018,0
55.67416105,332.5656581,1030.84137,0
55.70751885,337.3662758,1025.717087,0
55.74087664,330.655582,1008.723755,0
55.77423444,333.1723094,993.6705017,0
55.80759223,333.1066704,991.6001892,0
55.84095003,339.9531054,1001.46637,0
55.87430783,344.5899153,959.9567413,0
55.90766562,342.2886229,967.3851013,0
55.94102342,361.2402534,999.6969604,0
55.97438121,393.2683611,914.3099976,0
56.0410968,348.5386419,968.1938171,0
56.0744546,349.279511,967.1305084,0
56.1078124,353.3678198,978.6080933,0
56.14117019,368.3154058,986.5291595,0
56.17452799,379.5658779,970.8531189,0
56.20788578,390.4659462,1002.517242,0
56.24124358,384.6403599,1034.526367,0
56.27460137,387.7394056,1021.368713,0
56.30795917,391.0461617,1019.309235,0
56.34131697,396.7832136,1018.446732,0
56.37467476,400.1960993,995.8228302,0
56.40803256,398.7435007,984.6464539,0
56.44139035,402.970233,979.5641327,0
56.47474815,404.2010021,979.5263672,0
56.50810594,404.3680716,977.8030396,0
56.54146374,407.2306108,978.2241821,0
56.57482154,407.8401375,978.6675262,0
56.60817933,409.5190287,977.4493408,0
56.64153713,408.586092,974.6934509,0
56.67489492,408.4166193,963.7833405,0
56.70825272,408.3509159,957.7811432,0
56.74161051,406.8255758,957.8668976,0
56.77496831,407.7716017,957.9052734,0
56.80832611,408.249464,960.3797913,0
56.8416839,408.0359173,962.4266815,0
56.8750417,407.9075146,962.4362183,0
56.90839949,407.8144312,963.2584381,0
56.94175729,407.6868439,962.4259186,0
56.97511508,407.6302814,962.3162842,0
57.00847288,407.5825596,960.7236481,0
57.04183068,409.0293217,964.6628571,0
57.07518847,408.8636255,969.0576172,0
57.10854627,408.811655,970.0898743,0
57.14190406,409.0916777,975.6060028,0
57.17526186,409.324708,977.1977997,0
57.20861965,409.3079281,976.9921112,0
57.24197745,408.1192589,975.5782318,0
57.27533525,408.9534473,975.4720306,0
57.30869304,409.1297007,975.4600525,0
57.34205084,409.1847181,974.4274902,0
57.37540863,409.1339064,976.6049194,0
57.40876643,408.4789324,982.3867035,0
57.44212422,408.3312178,987.0566559,0
57.47548202,407.7818155,996.2236023,0
57.50883982,407.2136164,1001.02562,0
57.54219761,405.6866026,1007.34024,0
57.57555541,353.5906148,1014.7892,0
57.6089132,361.2062216,1023.759995,0
57.642271,329.300766,1025.638962,0
57.67562879,301.3773394,1024.592743,0
57.70898659,363.4764862,1025.404053,0
57.74234439,383.1536865,1024.177322,0
57.77570218,393.4525108,1031.009674,0
57.80905998,396.8817472,1032.876205,0
57.84241777,397.708683,1031.600037,0
57.87577557,396.7970324,1031.99585,0
57.90913336,381.4147568,1029.336166,0
57.94249116,386.4618158,1029.047318,0
57.97584896,394.795332,1033.472443,0
58.00920675,399.6929169,1033.516922,0
58.04256455,399.2931175,1037.475662,0
58.07592234,399.215827,1038.842239,0
58.10928014,399.422121,1039.817963,0
58.14263793,399.5904779,1039.681396,0
58.17599573,399.9277067,1040.300903,0
58.20935353,400.841589,1040.138092,0
58.24271132,400.5182648,1040.074081,0
58.27606912,400.1620674,1038.268661,0
58.30942691,400.5342293,1038.195114,0
58.34278471,401.1588192,1039.248886,0
58.3761425,401.0062122,1041.445313,0
58.4095003,400.9738111,1043.65799,0
58.4428581,400.8778095,1045.310364,0
58.47621589,400.8479404,1045.678177,0
58.50957369,400.7683754,1045.72052,0
58.54293148,400.7071352,1045.665665,0
58.57628928,400.6628895,1046.224823,0
58.60964707,400.6157684,1046.267548,0
58.64300487,400.9517097,1047.857513,0
58.67636267,401.5211964,1047.829285,0
58.70972046,402.0866489,1048.149872,0
58.74307826,402.2907972,1048.148651,0
58.77643605,402.4481249,1047.498932,0
58.80979385,402.773509,1047.384415,0
58.84315164,403.0590677,1047.226639,0
58.87650944,403.0316877,1047.061615,0
58.90986724,402.5264883,1046.149979,0
58.94322503,402.4110031,1044.948807,0
58.97658283,402.4001455,1044.063034,0
59.00994062,402.3949528,1044.004593,0
59.04329842,401.9817209,1044.1465,0
59.07665621,401.5770292,1044.187088,0
59.11001401,401.3968706,1044.050903,0
59.14337181,401.0282278,1044.237061,0
59.1767296,400.787859,1046.204529,0
59.2100874,400.4025221,1046.173172,0
59.24344519,400.2247238,1046.44577,0
59.27680299,399.3287373,1047.408981,0
59.31016078,399.2983961,1048.758392,0
59.34351858,398.6556959,1052.001953,0
59.37687638,398.42906,1051.362381,0
59.41023417,398.2808733,1050.226669,0
59.44359197,398.7256908,1049.580154,0
59.47694976,399.287281,1047.791214,0
59.51030756,399.63099,1041.623154,0
59.54366535,400.2757931,1040.92514,0
59.57702315,400.2759647,1037.899399,0
59.61038095,400.259099,1038.318939,0
59.64373874,400.5081367,1038.610153,0
59.67709654,400.8384562,1038.0616,0
59.71045433,401.5836811,1038.140717,0
59.74381213,403.0097151,1038.20076,0
59.77716992,404.0389538,1036.455307,0
59.81052772,405.8531141,1036.277466,0
59.84388552,407.4287939,1032.50946,0
59.87724331,408.5714149,1027.205429,0
59.91060111,408.3565378,1022.759247,0
59.9439589,408.9828873,1012.200775,0
59.9773167,408.8891602,1000.804062,0
60.01067449,408.7793398,992.4768829,0
60.04403229,409.7535181,974.3253326,0
60.07739009,409.709444,973.3865356,0
60.11074788,409.4107533,971.8193054,0
60.14410568,410.0016117,970.8837128,0
60.17746347,409.9566793,969.7418976,0
60.21082127,409.9287844,972.0703888,0
60.24417906,409.847374,971.0536957,0
60.27753686,408.3279991,964.6703339,0
60.31089466,408.4512091,966.1515808,0
60.34425245,407.8960562,966.0927582,0
60.37761025,402.5554562,960.0920868,0
60.41096804,401.1514378,949.7257996,0
60.44432584,394.7587252,946.9641876,0
60.47768363,396.5422869,939.6628571,0
60.51104143,399.3994617,942.5697327,0
60.54439923,399.4545221,941.685257,0
60.57775702,398.9801788,949.5443726,0
60.61111482,401.7349577,964.4448853,0
60.64447261,402.642231,968.4580994,0
60.67783041,403.1064034,975.489502,0
60.7111882,402.5938654,966.3710022,0
60.744546,402.542367,967.5098419,0
60.7779038,399.2552662,968.1356049,0
60.81126159,403.3196926,997.2705078,0
60.84461939,403.3161736,1008.65715,0
60.87797718,403.2919264,1003.27713,0
60.91133498,403.402133,1002.062607,0
60.94469277,400.759964,999.4911957,0
60.97805057,399.5777321,1003.808594,0
61.01140837,399.287796,1043.745041,0
61.04476616,399.2516184,1046.671219,0
61.07812396,395.415802,1063.075485,0
61.11148175,392.0166922,1051.789627,0
61.14483955,385.4651928,1046.025314,0
61.17819734,383.0866528,1042.945862,0
61.21155514,382.1347475,1040.211945,0
61.24491294,380.5144358,1038.57811,0
61.27827073,377.6708221,1037.411346,0
61.31162853,379.2397213,1038.168716,0
61.34498632,380.1989222,1047.22084,0
61.37834412,380.8466005,1057.856979,0
61.41170191,381.1912966,1056.425552,0
61.44505971,374.9317074,1049.718323,0
61.47841751,372.0786095,1041.007462,0
61.5117753,360.1920033,981.0519409,0
61.5451331,344.4511271,938.2470703,0
61.57849089,339.0310478,927.8214264,0
61.61184869,333.692894,925.7292938,0
61.64520648,310.7278204,982.8287506,0
61.67856428,313.8409424,1023.983307,0
61.71192208,310.4922795,1027.00531,0
61.74527987,318.9859343,965.880661,0
61.77863767,307.7733994,987.8299713,0
61.81199546,309.0792704,972.5617218,0
61.84535326,309.5835686,958.4741974,0
61.87871105,311.8385553,958.3766174,0
61.91206885,314.8214293,960.8776855,0
61.94542665,318.9677167,961.7243958,0
61.97878444,321.3512993,947.4393463,0
62.01214224,322.9502821,943.2888794,0
62.04550003,323.8827252,938.9840698,0
62.07885783,322.5325012,940.6231689,0
62.11221562,321.2675929,941.7722321,0
62.14557342,320.0319743,944.7370148,0
62.17893122,317.7082586,946.0020447,0
62.21228901,319.9875569,948.4113312,0
62.24564681,320.3737307,955.3604889,0
62.2790046,320.476234,957.7377319,0
62.3123624,320.2153516,966.1127472,0
62.34572019,317.7978659,977.9801178,0
62.37907799,316.0629702,1005.169601,0
62.41243579,313.0881643,1017.671127,0
62.44579358,311.062603,1022.6828,0
62.47915138,310.4838037,1024.566803,0
62.51250917,308.7535214,1029.506836,0
62.54586697,306.0131407,1027.74292,0
62.57922476,304.6828723,1031.822662,0
62.61258256,304.2920423,1030.922318,0
62.64594036,303.8759565,1034.180756,0
62.67929815,302.8842473,1039.231796,0
62.71265595,303.4159899,1038.115311,0
62.74601374,307.5389743,1037.589722,0
62.77937154,308.8396525,1019.576035,0
62.81272933,308.7493587,1015.362015,0
62.84608713,308.6843634,1015.616608,0
62.87944493,310.4679251,1007.770081,0
62.91280272,310.1887822,1003.602524,0
62.94616052,309.119525,1002.200928,0
62.97951831,308.8617754,1002.341385,0
63.01287611,310.7648349,1000.902863,0
63.0462339,311.5973926,1002.223969,0
63.0795917,315.9826541,1000.717239,0
63.1129495,314.4889641,1014.103546,0
63.14630729,311.9620013,1013.777695,0
63.17966509,315.6045914,1017.180557,0
63.21302288,324.3235731,1022.511749,0
63.24638068,331.3478279,1023.65509,0
63.27973847,343.8494539,1023.627472,0
63.31309627,352.362442,1032.347412,0
63.34645407,360.0710249,1037.336349,0
63.37981186,368.8603449,1035.638809,0
63.41316966,373.5557985,1034.946747,0
63.44652745,380.751586,1035.545578,0
63.47988525,386.7837238,1041.399536,0
63.51324304,389.1731644,1052.147217,0
63.54660084,389.632659,1053.285141,0
63.57995864,390.6836987,1058.113937,0
63.61331643,390.5457687,1056.777878,0
63.64667423,390.0398397,1056.359406,0
63.68003202,388.7389898,1058.150177,0
63.71338982,387.8949308,1058.723984,0
63.74674761,387.3538971,1059.124451,0
63.78010541,387.8305578,1062.004776,0
63.81346321,388.4248066,1063.476639,0
63.846821,387.8009033,1063.170242,0
63.8801788,388.6361217,1061.448669,0
63.91353659,388.8089418,1061.184464,0
63.94689439,388.9097929,1060.925217,0
63.98025218,388.8144779,1063.941727,0
64.01360998,388.5227823,1065.398407,0
64.04696778,388.41043,1069.120407,0
64.08032557,386.2633753,1069.946747,0
64.11368337,386.2448788,1072.560425,0
64.14704116,386.4316893,1076.563339,0
64.18039896,387.1115541,1076.051865,0
64.21375675,387.7869129,1076.240005,0
64.24711455,387.9218388,1075.960159,0
64.28047235,387.9077625,1067.376633,0
64.31383014,387.8330898,1061.785049,0
64.34718794,388.0273247,1065.190125,0
64.38054573,388.0095148,1065.235367,0
64.41390353,387.7997875,1065.10437,0
64.44726132,387.784338,1061.544495,0
64.48061912,387.9196072,1063.351212,0
64.51397692,388.6373234,1063.716812,0
64.54733471,389.0668201,1065.956955,0
64.58069251,389.8331165,1067.772903,0
64.6140503,389.8545742,1068.317947,0
64.6474081,389.8067236,1068.77388,0
64.68076589,389.2451763,1069.704514,0
64.71412369,389.66506,1070.028076,0
64.74748149,389.7771549,1070.010834,0
64.78083928,390.0358057,1069.641266,0
64.81419708,390.1264858,1069.648132,0
64.84755487,390.1494455,1069.664917,0
64.88091267,388.7507057,1070.623474,0
64.91427047,386.6750622,1071.575089,0
64.94762826,386.5046024,1073.891296,0
64.98098606,385.8216476,1076.10405,0
65.01434385,385.6668091,1077.676468,0
65.04770165,385.4795694,1079.187469,0
65.08105944,385.2859783,1080.237503,0
65.11441724,385.3218985,1080.268097,0
65.14777504,385.3497505,1079.307861,0
65.18113283,385.3803492,1078.507843,0
65.21449063,384.8827887,1074.043808,0
65.24784842,384.8421907,1073.783722,0
65.28120622,385.0298595,1070.797119,0
65.31456401,385.0454807,1060.702591,0
65.34792181,385.0689125,1060.026245,0
65.38127961,385.243578,1062.951279,0
65.4146374,386.2741899,1065.233917,0
65.4479952,387.1948528,1062.153778,0
65.48135299,387.6903963,1058.87291,0
65.51471079,387.3464298,1059.05014,0
65.54806858,387.4666357,1056.997757,0
65.58142638,389.1064739,1057.201385,0
65.61478418,390.3436375,1056.994781,0
65.64814197,390.3771114,1054.530792,0
65.68149977,390.3185749,1049.904175,0
65.71485756,390.5918598,1048.586044,0
65.74821536,388.6424732,1050.359268,0
65.78157315,382.425456,1051.446533,0
65.81493095,375.1898861,1053.070526,0
65.84828875,361.9595575,1051.409302,0
65.88164654,344.0847158,1050.069046,0
65.91500434,321.836822,1040.400391,0
65.94836213,308.9990187,1027.918701,0
65.98171993,299.1475868,1021.489563,0
66.01507772,294.7948122,1016.833038,0
66.04843552,291.4457202,1008.626862,0
66.08179332,289.8652983,1005.146561,0
66.11515111,291.7369008,1007.077713,0
66.14850891,291.3841367,1009.443893,0
66.1818667,291.797626,1009.493179,0
66.2152245,290.2394986,1003.684464,0
66.24858229,288.6718869,1003.723602,0
66.28194009,287.9140449,1004.397354,0
66.31529789,285.9901714,1014.120331,0
66.34865568,286.337142,1016.11969,0
66.38201348,286.8046403,1020.976334,0
66.41537127,287.7065706,1020.828705,0
66.44872907,287.8963637,1024.023514,0
66.48208686,287.9589772,1025.947342,0
66.51544466,288.8707781,1026.542206,0
66.54880246,292.2479582,1024.272995,0
66.58216025,291.3885355,1026.70929,0
66.61551805,291.16956,1026.643143,0
66.64887584,289.2499995,1027.324753,0
66.68223364,289.4205666,1027.118454,0
66.71559143,291.6942859,1025.451202,0
66.74894923,291.6889644,1026.433182,0
66.78230703,293.1482363,1026.04805,0
66.81566482,292.0515776,1029.522705,0
66.84902262,293.5289812,1019.856415,0
66.88238041,293.2080388,1013.706284,0
66.91573821,291.4524579,1014.279861,0
66.949096,291.1435747,1013.694534,0
66.9824538,291.0399127,1004.636154,0
67.0158116,291.3314366,997.6806641,0
67.04916939,292.6341105,975.8106232,0
67.08252719,292.6581001,958.6791229,0
67.11588498,295.6588697,941.8395996,0
67.14924278,295.6272197,931.865921,0
67.18260057,297.7971268,928.7622833,0
67.21595837,303.0835032,930.6748199,0
67.24931617,305.7027125,932.1865082,0
67.28267396,307.4771118,933.7641907,0
67.31603176,307.2425151,934.6859741,0
67.34938955,307.8185463,936.3302612,0
67.38274735,307.1542597,1056.660156,0
67.41610514,306.7119527,1048.517914,0
67.44946294,306.4060521,1030.65361,0
67.48282074,306.3477945,1031.869812,0
67.51617853,306.4605331,966.6408539,0
67.54953633,306.3466573,943.5929108,0
67.58289412,306.3039136,941.7650604,0
67.61625192,306.6028833,925.2542114,0
67.64960971,309.9041247,903.4996796,0
67.68296751,314.2771339,914.8932648,0
67.71632531,315.8821034,920.7506561,0
67.7496831,317.8967857,919.2261505,0
67.7830409,319.7410512,922.3444366,0
67.81639869,323.2426214,956.9831085,0
67.84975649,331.1923671,1051.402664,0
67.88311428,343.9502192,1071.660843,0
67.91647208,344.2254138,1074.388428,0
67.94982988,351.8127179,1090.161896,0
67.98318767,349.4329977,1085.203781,0
68.01654547,350.6859541,1077.724304,0
68.04990326,350.9880781,1071.914749,0
68.08326106,354.5183802,1066.737442,0
68.11661885,353.7597656,1056.53038,0
68.14997665,353.3527136,1055.563126,0
68.18333445,355.4980731,1028.404388,0
68.21669224,355.8434987,1007.456818,0
68.25005004,357.8072619,985.8643341,0
68.28340783,360.5073023,983.5514069,0
68.31676563,359.8519635,950.2323151,0
68.35012342,371.4321327,964.4525909,0
68.38348122,374.9631214,972.7452087,0
68.41683902,381.7476511,1009.177628,0
68.45019681,385.0794268,1012.421341,0
68.48355461,386.7181921,1012.268448,0
68.5169124,398.1703234,1010.570297,0
68.5502702,399.1064358,1009.112549,0
68.58362799,401.6651344,1000.16655,0
68.61698579,400.8568668,996.0124969,0
68.65034359,402.7107668,991.7222595,0
68.68370138,400.3053188,991.1732483,0
68.71705918,403.7536526,988.5349274,0
68.75041697,402.4392414,988.8267517,0
68.78377477,405.6082821,990.4769897,0
68.81713256,405.9961081,991.3610077,0
68.85049036,404.9287176,993.5572052,0
68.88384816,405.4508686,990.6981659,0
68.91720595,405.7935905,976.3248444,0
68.95056375,406.4140606,976.7539978,0
68.98392154,409.6488476,974.0644836,0
69.01727934,410.401969,970.8152008,0
69.05063713,409.8088789,968.7397003,0
69.08399493,410.3166103,958.6385345,0
69.11735273,409.9950886,959.8288727,0
69.15071052,409.257803,960.8377838,0
69.18406832,390.9336376,936.8805695,0
69.21742611,393.8281918,939.944458,0
69.25078391,394.5692539,942.9270935,0
69.2841417,394.6825504,944.8660278,0
69.3174995,388.3620214,939.8439789,0
69.3508573,365.2263594,971.7649841,0
69.38421509,373.8404131,964.6691895,0
69.41757289,333.8931155,965.4191589,0
69.45093068,363.5967779,948.6601257,0
69.48428848,386.3556004,949.1105652,0
69.51764627,403.9256573,956.4532471,0
69.55100407,404.373908,957.4185944,0
69.58436187,406.4651728,964.1483307,0
69.61771966,404.6447468,976.8921661,0
69.65107746,406.8392658,992.366333,0
69.68443525,409.3888235,1002.232819,0
69.71779305,408.0489635,1010.114441,0
69.75115084,407.5252247,1022.780151,0
69.78450864,406.6483784,1025.984497,0
69.81786644,406.0903931,1027.509079,0
69.85122423,404.6925545,1033.104172,0
69.88458203,403.8300419,1036.76651,0
69.91793982,403.3132553,1034.003906,0
69.95129762,402.4605274,1036.569672,0
69.98465541,402.162652,1037.56813,0
70.01801321,401.6468954,1035.942154,0
70.05137101,401.384511,1036.465378,0
70.0847288,401.025095,1038.160553,0
70.1180866,400.4777098,1041.24382,0
70.15144439,400.7441711,1040.338745,0
70.18480219,400.8199596,1038.339615,0
70.21815998,400.2242947,1032.431641,0
70.25151778,398.9909935,1031.821213,0
70.28487558,398.6116219,1030.16861,0
70.31823337,398.5296106,1029.516296,0
70.35159117,398.5693073,1029.865112,0
70.38494896,398.602438,1033.038101,0
70.41830676,397.9102993,1038.465958,0
70.45166455,396.8349695,1041.864929,0
70.48502235,395.0751829,1047.35611,0
70.51838015,395.1886511,1048.481216,0
70.55173794,395.1574087,1048.755112,0
70.58509574,395.4428816,1048.633118,0
70.61845353,395.0376749,1048.279266,0
70.65181133,394.7669649,1047.8862,0
70.68516912,395.2428102,1048.480682,0
70.71852692,395.9557199,1048.420486,0
70.75188472,396.6140842,1047.771454,0
70.78524251,397.8610325,1047.582703,0
70.81860031,398.1942272,1046.255951,0
70.8519581,398.3000994,1045.445175,0
70.8853159,398.5845852,1045.414047,0
70.91867369,398.5447598,1045.400848,0
70.95203149,398.3862734,1046.58699,0
70.98538929,398.2858944,1047.189865,0
71.01874708,398.2223797,1046.186447,0
71.05210488,397.8253698,1046.193924,0
71.08546267,397.8568268,1046.61293,0
71.11882047,397.9315853,1047.258453,0
71.15217826,397.8327513,1047.730484,0
71.18553606,397.8217649,1047.732239,0
71.21889386,398.217144,1047.694321,0
71.25225165,399.4944334,1047.685471,0
71.28560945,400.5598927,1047.711716,0
71.31896724,401.0217905,1047.686844,0
71.35232504,401.3833523,1047.298584,0
71.38568283,401.3778162,1042.885437,0
71.41904063,401.098094,1035.024185,0
71.45239843,401.1190367,1031.051102,0
71.48575622,401.5527821,1030.704193,0
71.51911402,401.5444994,1031.086273,0
71.55247181,401.5342426,1027.008438,0
71.58582961,401.6061258,1029.749985,0
71.6191874,400.8312464,1020.030518,0
71.6525452,401.1975718,1020.937195,0
71.685903,401.195941,1023.577805,0
71.71926079,402.8486538,1025.487442,0
71.75261859,405.4695797,1025.864029,0
71.78597638,408.0769014,1026.066513,0
71.81933418,412.4334955,1025.765381,0
71.85269197,415.1066494,1021.138229,0
71.88604977,416.4150524,1011.803818,0
71.91940757,416.9392633,1000.078583,0
71.95276536,416.8747187,989.6702576,0
71.98612316,417.1288204,983.3065033,0
72.01948095,417.8694105,977.9582214,0
72.05283875,418.4281254,976.0215759,0
72.08619654,418.8478374,968.1253052,0
72.11955434,418.5855818,969.1069794,0
72.15291214,418.4332752,971.634903,0
72.18626993,418.8511419,972.4518585,0
72.21962773,418.7112379,973.221283,0
72.25298552,418.393364,973.8903809,0
72.28634332,417.508707,975.3501892,0
72.31970111,416.483674,970.3112793,0
72.35305891,415.6562233,963.6795807,0
72.38641671,402.7854824,940.3196716,0
72.4197745,404.2088556,943.8289642,0
72.4531323,405.8422565,944.7003174,0
72.48649009,407.2676039,940.6316376,0
72.51984789,412.5319433,941.869278,0
72.55320568,413.3973312,953.800354,0
72.58656348,410.6936646,952.9468536,0
72.61992128,411.0844946,953.2653046,0
72.65327907,409.1269112,951.6433716,0
72.68663687,408.9794111,953.7145996,0
72.71999466,408.1940603,959.267807,0
72.75335246,404.28267,959.2340851,0
72.78671025,404.4246769,958.9162445,0
72.82006805,406.4733267,961.3428497,0
72.85342585,413.4473705,973.989563,0
72.88678364,419.7528362,987.6583862,0
72.92014144,418.7836361,993.9884186,0
72.95349923,418.6524868,996.6062164,0
72.98685703,419.0401411,999.8190308,0
73.02021482,421.7546654,1020.177383,0
73.05357262,421.3839626,1021.883698,0
73.08693042,418.0944157,1019.951935,0
73.12028821,405.1728201,1069.735565,0
73.15364601,366.1797667,1075.793381,0
73.1870038,364.8542404,976.3841248,0
73.2203616,363.3799267,940.3451538,0
73.25371939,355.5963063,939.0231323,0
73.28707719,358.2606626,1048.002853,0
73.32043499,354.0313768,1069.836502,0
73.35379278,354.6674037,1069.63501,0
73.38715058,358.4049225,1058.29277,0
73.42050837,361.179142,1069.283524,0
73.48722396,308.6790419,876.8574524,0
73.52058176,281.1536336,1028.374863,0
73.55393956,270.262835,1029.59053,0
73.58729735,274.5740461,1016.489334,0
73.62065515,300.8062863,1056.552963,0
73.65401294,335.6092143,1043.446732,0
73.68737074,335.3777504,1040.803604,0
73.72072853,326.9840884,1028.438263,0
73.75408633,325.9108615,987.8107452,0
73.78744413,328.8391685,966.3635254,0
73.82080192,335.539155,919.630127,0
73.85415972,333.9577031,887.0520782,0
73.88751751,340.3636551,715.3081512,0
73.92087531,354.0828967,761.2960815,0
73.9542331,346.5684628,542.3343277,0
73.9875909,370.0590992,352.6763916,0
74.0209487,355.9008551,507.2148895,0
74.05430649,383.8599443,603.8978577,0
74.08766429,378.3705997,641.284256,0
74.12102208,369.3390656,573.6724854,0
74.15437988,369.2589855,647.5637817,0
74.18773767,366.6929913,880.2650452,0
74.22109547,365.8290195,760.1504517,0
74.25445327,366.3694096,889.9908447,0
74.28781106,347.4653506,685.3873444,0
74.32116886,333.5599208,871.998291,0
74.35452665,336.6834497,940.4795837,0
74.38788445,322.032516,1020.115814,0
74.42124224,322.9678988,1036.053619,0
74.45460004,321.3404417,1040.824356,0
74.48795784,316.0394526,1032.408981,0
74.52131563,317.5700068,1016.750107,0
74.55467343,321.5140343,1029.721603,0
74.58803122,318.1151819,1002.538986,0
74.62138902,319.9755406,1003.517914,0
74.65474681,315.2008009,755.5142975,0
74.68810461,315.3600383,944.5542908,0
74.72146241,294.9069715,776.2491608,0
74.7548202,302.6209402,451.4096069,0
74.788178,304.8985863,441.337204,0
74.82153579,307.0226169,861.7725372,0
74.85489359,363.7511873,226.9679832,0
74.88825138,387.5865841,-94.06331062,0
74.92160918,382.3760605,-569.0816879,0
74.95496698,368.0870104,-453.4633636,0
74.98832477,365.616889,-362.1064377,0
75.02168257,366.325593,-406.9230652,0
75.05504036,373.4516001,-318.612442,0
75.08839816,375.5876684,-223.1532478,0
75.12175595,381.684866,-174.656868,0
75.15511375,366.1800241,-4.686380923,0
75.18847155,376.5345097,-29.04463291,0
75.22182934,392.6454449,-36.90832138,0
75.25518714,396.3603687,-35.44004917,0
75.28854493,395.7672358,57.03872204,0
75.32190273,397.5404978,52.55365849,0
75.35526052,394.7332335,58.92943859,0
75.38861832,390.950675,31.29610777,0
75.42197612,394.1888094,80.42259216,0
75.45533391,400.6259394,88.86585236,0
75.48869171,401.6523457,66.18161201,0
75.5220495,408.209424,98.0339241,0
75.5554073,400.138936,79.89779949,0
75.58876509,370.0849771,92.46073723,0
75.62212289,375.9692717,159.4451809,0
75.65548069,378.341074,155.4781055,0
75.68883848,365.5390406,173.2065201,0
75.72219628,333.7073135,160.7129097,0
75.78891187,370.0651932,1026.419525,0
75.82226966,370.2081013,1037.507629,0
75.85562746,370.4334927,1050.004425,0
75.88898526,370.5927944,1059.079895,0
75.92234305,371.4831161,1059.911118,0
75.95570085,372.5458288,1057.084274,0
75.98905864,373.6551905,1056.810837,0
76.02241644,374.0766621,1058.848495,0
76.05577423,374.2735577,1058.182907,0
76.08913203,373.42834,1062.619476,0
76.12248983,372.9042149,1070.156708,0
76.15584762,372.8952456,1072.498474,0
76.18920542,373.4976482,1075.225143,0
76.22256321,374.0800953,1077.173615,0
76.25592101,374.0563631,1076.594543,0
76.2892788,374.288578,1076.720505,0
76.3226366,374.5935345,1076.417084,0
76.3559944,374.8192263,1076.211395,0
76.38935219,373.9939213,1076.00174,0
76.42270999,373.9917755,1075.550537,0
76.45606778,373.9087343,1075.12413,0
76.48942558,374.3756962,1074.77005,0
76.52278337,372.823019,1076.010971,0
76.55614117,372.5286627,1076.878128,0
76.58949897,371.5771008,1078.18985,0
76.62285676,371.5469313,1077.983627,0
76.65621456,371.0839605,1075.849686,0
76.68957235,371.1732244,1075.562363,0
76.72293015,371.1597061,1073.41095,0
76.75628794,371.1776447,1071.947174,0
76.78964574,371.189189,1071.933136,0
76.82300354,323.8366556,1057.803574,0
76.85636133,297.0205951,1048.182602,0
76.88971913,291.9351053,1030.196838,0
76.92307692,289.4445562,1024.823456,0
76.95643472,305.629735,1028.311844,0
76.98979251,298.0332041,1031.7733,0
77.02315031,304.3838382,1031.555328,0
77.05650811,297.8254938,1024.36058,0
77.0898659,293.9548731,998.3023834,0
77.1232237,291.8310356,1005.870972,0
77.15658149,321.4737368,1025.403671,0
77.18993929,366.2870121,1040.85289,0
77.22329708,375.1159,1057.54837,0
77.25665488,376.4449883,1065.95192,0
77.29001268,377.4384785,1066.175385,0
77.32337047,378.498702,1071.767654,0
77.35672827,378.7357235,1071.277771,0
77.39008606,376.814661,1070.882492,0
77.42344386,377.4434566,1070.994339,0
77.45680165,375.0450039,1070.17662,0
77.49015945,372.9125834,1070.002518,0
77.52351725,372.3227549,1056.937943,0
77.55687504,371.7828369,1056.830521,0
77.59023284,371.8254089,1044.964066,0
77.62359063,371.5897608,1041.564865,0
77.65694843,371.4632893,1034.634018,0
77.69030622,371.8818426,1035.694733,0
77.72366402,374.3088341,1051.252518,0
77.75702182,377.2341156,1053.752899,0
77.79037961,377.495985,1058.203888,0
77.82373741,377.8922653,1057.141418,0
77.8570952,378.4459162,1060.975342,0
77.890453,378.2573462,1067.103806,0
77.92381079,377.2054052,1067.971039,0
77.95716859,374.2565203,1074.273682,0
77.99052639,374.0158939,1071.558151,0
78.02388418,372.7595043,1064.451599,0
78.05724198,360.7520056,1062.791595,0
78.09059977,345.2310491,1057.652969,0
78.12395757,330.9206057,1055.743713,0
78.15731536,314.2491102,1051.775055,0
78.19067316,302.9450154,1045.987167,0
78.22403096,293.2750082,1031.149216,0
78.25738875,290.1210093,1027.84874,0
78.29074655,287.3756504,1025.491867,0
78.32410434,287.1572542,1027.20932,0
78.35746214,287.5633192,1025.562744,0
78.39081993,288.7660646,1026.988297,0
78.42417773,288.7200809,1027.420502,0
78.45753553,288.6136508,1027.889099,0
78.49089332,288.0803418,1028.335953,0
78.52425112,287.5979519,1026.08017,0
78.55760891,287.438221,1030.404053,0
78.59096671,288.1776953,1033.027267,0
78.6243245,289.2273402,1049.265289,0
78.6576823,289.7881579,1052.919693,0
78.6910401,292.3767471,1052.174072,0
78.72439789,296.9039083,1045.497589,0
78.75775569,303.6646199,1030.000687,0
78.79111348,300.3285098,1033.816833,0
78.82447128,296.0751915,1035.759735,0
78.85782907,296.1123133,1029.541702,0
78.89118687,296.564877,1028.45993,0
78.92454467,296.6554499,1028.697815,0
78.95790246,296.6563296,1028.7146,0
78.99126026,296.6264391,1028.979797,0
79.02461805,296.5109754,1031.332932,0
79.05797585,296.1670947,1030.961456,0
79.09133364,294.1625834,1030.631943,0
79.12469144,292.4961162,1028.674164,0
79.15804924,291.1547971,1024.181213,0
79.19140703,291.3482594,1009.626617,0
79.22476483,291.5461421,987.0772552,0
79.25812262,291.6271663,959.6258545,0
79.29148042,292.4564624,943.4618378,0
79.32483821,291.5677714,932.1489716,0
79.35819601,291.6446114,914.741745,0
79.39155381,297.0224619,918.5362244,0
79.4249116,299.5225596,923.6811829,0
79.4582694,299.5160365,910.1638794,0
79.49162719,300.1280093,918.4233093,0
79.52498499,289.7509718,999.0499878,0
79.55834278,286.2381577,1019.527893,0
79.59170058,289.6627164,931.6976166,0
79.62505838,291.962142,936.8112946,0
79.65841617,294.8761797,930.7431793,0
79.69177397,295.6934595,919.3019867,0
79.72513176,296.0489702,923.1962585,0
79.75848956,296.6746974,922.2535706,0
79.79184735,297.3536181,923.4636688,0
79.82520515,299.3392038,924.6240234,0
79.85856295,301.8602228,951.1914063,0
79.89192074,311.4077711,950.6411743,0
79.92527854,313.7762904,952.6959991,0
79.95863633,316.0962296,952.4977112,0
79.99199413,323.4844065,1015.716782,0
80.02535192,324.0245819,991.9914246,0
80.05870972,323.2089114,985.839386,0
80.09206752,345.7504964,1034.381714,0
80.12542531,346.2235951,1026.790009,0
80.15878311,343.3928347,978.2540894,0
80.1921409,346.6509247,1013.643951,0
80.2254987,342.3865557,987.1652222,0
80.25885649,334.7138286,955.6571198,0
80.29221429,329.6246481,947.604599,0
80.32557209,344.1914248,991.1300659,0
80.35892988,347.4306107,1023.793488,0
80.39228768,346.2589788,1040.740128,0
80.42564547,350.134213,1044.346237,0
80.45900327,351.3085485,1033.792572,0
80.49236106,359.1918182,1020.240479,0
80.52571886,375.0647879,1017.552338,0
80.55907666,374.5905304,987.9759979,0
80.59243445,386.8262959,990.0843048,0
80.62579225,393.4370613,988.7332916,0
80.65915004,393.3497715,988.3616638,0
80.69250784,396.5161943,988.7995911,0
80.72586563,396.3777494,994.8043823,0
80.75922343,395.9147358,1002.043915,0
80.79258123,396.7596531,1007.230759,0
80.82593902,399.7923517,1007.396927,0
80.85929682,398.1438446,1007.300644,0
80.89265461,397.0622063,1004.522171,0
80.92601241,396.1611128,1003.649597,0
80.9593702,395.8726358,999.6167755,0
80.992728,398.2508326,994.8886871,0
81.0260858,401.658783,985.1857758,0
81.05944359,401.6517448,980.8197784,0
81.09280139,401.35005,979.3030548,0
81.12615918,402.8360796,976.7411041,0
81.15951698,403.3729935,975.710907,0
81.19287477,403.3134699,976.2464142,0
81.22623257,403.1852388,972.8540802,0
81.25959037,394.7230625,964.188385,0
81.29294816,393.4692907,962.935257,0
81.32630596,361.065073,972.8189087,0
81.35966375,344.2304564,1001.051102,0
81.39302155,340.2821159,997.8914642,0
81.42637934,344.3845224,990.0804138,0
81.45973714,344.8396182,990.7003021,0
81.49309494,365.6789446,976.9524384,0
81.52645273,378.4517527,965.6116486,0
81.55981053,384.5931959,964.5103455,0
81.59316832,321.0080838,990.3903961,0
81.62652612,372.4552345,974.2699432,0
81.65988391,382.8764105,971.4743042,0
81.69324171,386.9436693,971.7229462,0
81.72659951,397.3769474,983.1900024,0
81.7599573,402.2460794,988.8064575,0
81.7933151,404.0257359,995.1493835,0
81.82667289,405.6439877,1009.756699,0
81.86003069,404.2339611,1017.780457,0
81.89338848,403.5365868,1024.554062,0
81.92674628,403.0920696,1030.327835,0
81.96010408,402.3573589,1036.67099,0
81.99346187,402.6282406,1040.896149,0
82.02681967,402.765913,1041.887283,0
82.06017746,403.1660986,1040.532913,0
82.09353526,402.88908,1044.412537,0
82.12689305,402.7944088,1045.852509,0
82.16025085,402.8266811,1047.956161,0
82.19360865,403.2593966,1048.354187,0
82.22696644,403.3065605,1051.3414,0
82.26032424,403.198843,1052.833099,0
82.29368203,403.2121897,1052.881927,0
82.32703983,403.2356644,1051.871719,0
82.36039762,402.5467014,1051.564026,0
82.39375542,400.2678537,1049.268875,0
82.42711322,397.9615402,1048.47084,0
82.46047101,396.6178179,1043.273621,0
82.49382881,396.2658691,1043.259354,0
82.5271866,395.4140854,1043.246765,0
82.5605444,395.1390409,1044.77356,0
82.59390219,394.8078632,1045.217438,0
82.62725999,395.0190926,1047.317581,0
82.66061779,395.1573658,1048.900604,0
82.69397558,394.4226122,1050.873795,0
82.72733338,394.00805,1049.937592,0
82.76069117,394.1477394,1049.738159,0
82.79404897,393.9151812,1047.849808,0
82.82740676,394.0705776,1046.217041,0
82.86076456,394.4607639,1046.244812,0
82.89412236,395.3858471,1046.040344,0
82.92748015,395.3957176,1044.700394,0
82.96083795,392.3105335,1045.139008,0
82.99419574,340.1450872,1015.571213,0
83.02755354,311.9172406,1010.668182,0
83.06091133,302.472024,1006.0392,0
83.09426913,314.5934415,1008.483047,0
83.12762693,372.3899174,1019.660187,0
83.16098472,338.644681,1020.076599,0
83.19434252,333.0754709,1023.819199,0
83.22770031,315.4149055,1009.142685,0
83.26105811,377.9180145,1010.958328,0
83.2944159,389.8152637,1012.292175,0
83.3277737,403.6745596,1012.262802,0
83.3611315,413.0281734,1012.933197,0
83.39448929,412.426157,1011.084824,0
83.42784709,415.9849548,1010.702896,0
83.46120488,412.6079035,1010.191956,0
83.49456268,413.089242,1010.226974,0
83.52792048,413.4649229,1010.004807,0
83.56127827,414.7603226,1011.379242,0
83.59463607,413.8646793,1011.638489,0
83.62799386,415.8885241,1011.720047,0
83.66135166,416.4099026,1014.066315,0
83.69470945,417.5864267,1014.839935,0
83.72806725,418.8301563,1014.827118,0
83.76142505,419.1884565,1014.844742,0
83.79478284,420.7231522,1014.63707,0
83.82814064,420.4598665,1013.700943,0
83.86149843,421.4718962,1013.655701,0
83.89485623,420.863657,1012.420349,0
83.92821402,420.5916595,1012.032623,0
83.96157182,420.5219221,1011.298523,0
83.99492962,420.8701801,1011.118698,0
84.02828741,420.7989836,1011.544571,0
84.06164521,420.6729412,1012.047119,0
84.095003,420.4975462,1013.686523,0
84.1283608,419.4714832,1020.11795,0
84.16171859,418.6339474,1023.00293,0
84.19507639,418.2535458,1024.594727,0
84.22843419,418.1967258,1023.185425,0
84.26179198,419.1531801,1014.484177,0
84.29514978,418.2026911,1007.147369,0
84.32850757,413.0784702,994.240036,0
84.36186537,403.1865263,990.3816986,0
84.39522316,391.8831825,983.2059479,0
84.42858096,387.4985647,976.2744904,0
84.46193876,381.975317,973.3696747,0
84.49529655,373.0266094,960.3574371,0
84.52865435,370.0412035,1025.445099,0
84.56201214,364.7066975,1021.656647,0
84.59536994,355.9931445,973.1311035,0
84.62872773,352.9211569,940.278244,0
84.66208553,356.086185,942.9071045,0
84.69544333,357.6110315,932.6719666,0
84.72880112,359.4871831,934.287796,0
84.76215892,361.5175295,975.4532623,0
84.79551671,362.5496864,1013.839874,0
84.82887451,359.6159291,1028.660812,0
84.8622323,355.4772806,1027.944565,0
84.8955901,352.2320867,1028.147049,0
84.9289479,354.018867,1055.205383,0
84.96230569,355.0039244,1049.239044,0
84.99566349,355.6408954,1048.388596,0
85.02902128,359.1083908,963.9002991,0
85.06237908,360.6782341,938.9162445,0
85.09573687,360.7076311,942.9225159,0
85.12909467,358.3712769,930.6496429,0
85.16245247,350.6491327,957.6952362,0
85.19581026,341.5208888,951.9487762,0
85.22916806,330.6486511,953.9970398,0
85.26252585,334.1623235,981.7318726,0
85.29588365,331.1001205,1011.405029,0
85.32924144,326.7790174,1055.672836,0
85.36259924,330.6528139,991.3615417,0
85.39595704,332.3166203,990.5204773,0
85.42931483,321.9631648,1101.163483,0
85.46267263,325.4177427,994.9388885,0
85.49603042,327.570312,967.0150757,0
85.52938822,329.1255641,944.8821259,0
85.56274601,328.0924416,949.9044037,0
85.59610381,321.8186688,947.412796,0
85.62946161,311.1658144,944.7632599,0
85.6628194,307.7353549,946.1672974,0
85.6961772,306.840806,948.0039215,0
85.72953499,306.3164663,951.971817,0
85.76289279,308.3433151,953.1799316,0
85.79625058,300.5859804,953.4509277,0
85.82960838,303.6849403,955.7595825,0
85.86296618,305.0712132,956.1216736,0
85.89632397,306.2812757,956.219101,0
85.92968177,307.3599958,957.7300262,0
85.96303956,307.7129102,966.0224915,0
85.99639736,307.4768329,981.5796661,0
86.02975515,305.4417872,990.9760284,0
86.06311295,305.3404427,989.670105,0
86.09647075,299.9818182,988.4308624,0
86.12982854,298.3791232,989.3238831,0
86.16318634,298.1720352,991.5478516,0
86.19654413,298.3907747,993.2727051,0
86.22990193,294.4014931,998.3110809,0
86.26325972,295.3062129,998.0155945,0
86.29661752,293.7712598,992.5395203,0
86.32997532,294.3109632,990.8398438,0
86.36333311,294.1628194,990.745697,0
86.39669091,292.4015093,982.4345398,0
86.4300487,291.6723776,977.8689575,0
86.4634065,289.6168828,978.642807,0
86.49676429,288.9183283,978.2291412,0
86.53012209,286.4974308,981.2378693,0
86.56347989,286.2715888,987.6164246,0
86.59683768,286.5597868,989.2328644,0
86.63019548,289.6253157,995.9231567,0
86.66355327,296.8958402,1001.880875,0
86.69691107,301.9296384,1009.016571,0
86.73026886,304.8268318,1018.430252,0
86.76362666,310.3802919,1020.146713,0
86.79698446,316.8564105,1043.579788,0
86.83034225,323.1320071,1061.152039,0
86.86370005,331.974864,1080.507736,0
86.89705784,337.3952222,1099.686279,0
86.93041564,337.0657396,1100.449677,0
86.96377343,338.3682632,1107.75322,0
86.99713123,336.729691,1099.370956,0
87.03048903,336.5128827,1093.17131,0
87.06384682,336.7255068,1091.931763,0
87.09720462,339.9244165,1083.835754,0
87.13056241,339.7370911,1077.855988,0
87.16392021,341.6170621,1078.767471,0
87.197278,340.7594633,1078.616562,0
87.2306358,340.3270912,1071.382523,0
87.2639936,339.9061775,1072.421646,0
87.29735139,339.5004773,1072.388153,0
87.33070919,339.1070938,1074.264984,0
87.36406698,338.8347745,1088.377304,0
87.39742478,338.6350894,1097.577133,0
87.43078257,338.5027814,1097.306747,0
87.46414037,338.5327792,1100.802536,0
87.49749817,339.0585566,1099.539261,0
87.53085596,332.8426123,1093.526688,0
87.56421376,333.0266333,1093.175964,0
87.59757155,331.4836121,1090.707169,0
87.63092935,325.2281642,1084.015274,0
87.66428714,313.239398,1066.436005,0
87.69764494,305.9181261,1060.771484,0
87.73100274,311.4916492,1063.164749,0
88.23136967,428.9791632,195.8821297,0
88.26472747,438.9749622,196.6601372,0
88.29808526,438.7872505,214.0872383,0
88.33144306,450.5000496,256.8326759,0
88.36480085,447.0121479,259.4662094,0
88.39815865,453.6237717,252.7747154,0
88.43151645,446.7271471,251.3583374,0
88.46487424,446.1328554,245.7124901,0
88.49823204,448.7922764,267.1247292,0
88.53158983,448.5129404,257.9814911,0
88.56494763,452.0044899,268.2266235,0
88.59830542,455.3611994,266.0215187,0
88.63166322,454.4164181,265.7558632,0
88.66502102,455.0970554,262.1917915,0
88.69837881,455.4768133,272.3776054,0
88.73173661,454.5667076,271.1623001,0
88.7650944,455.1593685,263.3306122,0
88.7984522,457.037344,251.8241692,0
88.83180999,456.2239265,251.4180183,0
88.86516779,455.0777864,265.1127625,0
88.89852559,453.3763218,262.3456001,0
88.93188338,442.0814323,262.8721809,0
88.96524118,434.3772268,265.23592,0
89.03195677,387.332654,1091.032791,0
89.06531456,386.9024706,1092.356262,0
89.09867236,386.6958332,1092.212372,0
89.13203016,385.7864141,1093.683701,0
89.16538795,385.6750059,1093.690033,0
89.19874575,385.4550648,1094.044495,0
89.23210354,385.1770592,1094.953766,0
89.26546134,385.1703215,1096.086121,0
89.29881913,385.1359463,1096.124649,0
89.33217693,385.551796,1095.80513,0
89.36553473,385.4988384,1095.550919,0
89.39889252,384.7716379,1095.346451,0
89.43225032,384.9214554,1095.06958,0
89.46560811,384.6771383,1094.98848,0
89.49896591,384.6824169,1095.078583,0
89.5323237,384.0680838,1092.227402,0
89.5656815,384.0799284,1091.505127,0
89.5990393,384.0935755,1089.646683,0
89.63239709,385.0457811,1089.522476,0
89.66575489,385.5101681,1088.423615,0
89.69911268,385.4934311,1074.898224,0
89.73247048,385.2053833,1073.516693,0
89.76582827,384.8153257,1070.456238,0
89.79918607,384.0707874,1052.567368,0
89.83254387,381.9825268,1042.754974,0
89.86590166,379.0064335,1035.15831,0
89.89925946,372.9324532,1030.655365,0
89.93261725,371.6840887,1034.440536,0
89.96597505,368.3896494,1057.414627,0
89.99933284,356.2030864,1069.599304,0
90.03269064,344.2289543,1078.946838,0
90.06604844,336.0182619,1077.531433,0
90.09940623,323.2038689,1076.431427,0
90.13276403,309.1953993,1075.598068,0
90.16612182,302.4883533,1062.710953,0
90.19947962,298.5434461,1062.836075,0
90.23283741,296.1445856,1064.894409,0
90.26619521,294.8728108,1063.804779,0
90.29955301,294.4172859,1064.650574,0
90.3329108,294.5916295,1064.670029,0
90.3662686,294.6119928,1065.180664,0
90.39962639,295.29145,1064.180756,0
90.43298419,295.2444148,1071.759415,0
90.46634198,295.3795123,1075.098724,0
90.49969978,295.5602503,1079.408875,0
90.53305758,294.2722964,1080.817261,0
90.56641537,295.2282143,1080.316391,0
90.59977317,295.3077579,1074.194336,0
90.63313096,295.8883595,1077.933731,0
90.66648876,296.0102606,1077.653885,0
90.69984655,296.2250948,1081.606979,0
90.73320435,297.5125551,1083.817291,0
90.76656215,297.6868129,1084.260406,0
90.79991994,301.1872244,1071.500092,0
90.83327774,304.3937945,1059.879761,0
90.86663553,305.9856534,1060.502853,0
90.89999333,305.1851964,1065.127258,0
90.93335112,304.926095,1065.517807,0
90.96670892,304.1072917,1065.898438,0
91.00006672,305.2525091,1066.990662,0
91.03342451,305.1313162,1067.277985,0
91.06678231,305.1005888,1056.642456,0
91.1001401,304.9398494,1046.922836,0
91.1334979,304.596076,1036.695099,0
91.16685569,305.3883791,1007.963333,0
91.20021349,305.3177404,995.293045,0
91.23357129,304.0699768,990.0079346,0
91.26692908,302.1854353,986.0723877,0
91.30028688,302.0962572,971.4193726,0
91.33364467,302.2202826,959.3899536,0
91.36700247,301.8379283,955.072403,0
91.40036026,302.3061991,942.3358154,0
91.43371806,306.2021184,935.0354767,0
91.46707586,308.6560392,919.1750336,0
91.50043365,308.6360621,925.4489899,0
91.53379145,308.5287094,926.9445801,0
91.56714924,308.8165426,928.0105591,0
91.60050704,307.5110364,1082.075958,0
91.63386483,310.9020567,1027.067795,0
91.66722263,313.8078117,1000.533752,0
91.70058043,313.6290479,963.6284637,0
91.73393822,313.096168,955.4905701,0
91.76729602,312.7100372,952.818222,0
91.80065381,312.6966906,955.8033752,0
91.83401161,313.2208371,947.7973938,0
91.8673694,316.8157053,949.7935486,0
91.9007272,318.6657858,953.039093,0
91.934085,321.3060451,970.0020599,0
91.96744279,327.0730519,982.5022888,0
92.00080059,343.6424303,1070.500107,0
92.03415838,337.0617485,1027.100067,0
92.06751618,336.9924402,1054.138031,0
92.10087397,334.8339915,1010.709,0
92.13423177,334.2942238,1005.82489,0
92.16758957,333.1865358,998.9383698,0
92.20094736,332.332263,983.5176086,0
92.23430516,341.9305158,1030.686188,0
92.26766295,334.0514946,1008.701706,0
92.30102075,344.3296766,1037.540588,0
92.33437854,349.9132204,1033.507843,0
92.36773634,350.8877635,1033.22525,0
92.40109414,351.5176964,1017.228165,0
92.43445193,352.9734492,1008.157959,0
92.46780973,352.4965096,944.8556519,0
92.50116752,362.3176432,955.6676483,0
92.53452532,372.6048374,957.7331543,0
92.56788311,377.971015,958.7954712,0
92.60124091,386.7855692,1005.844803,0
92.63459871,388.35567,1007.426453,0
92.6679565,394.1397572,998.2007599,0
92.7013143,394.5977497,1007.562408,0
92.73467209,396.0298347,1006.665115,0
92.76802989,398.947134,1018.285828,0
92.80138768,396.9771481,1023.292389,0
92.83474548,397.7088976,1021.197281,0
92.86810328,401.1849117,1020.439758,0
92.90146107,399.7479343,1024.655914,0
92.93481887,398.8926744,1029.544296,0
92.96817666,403.0010462,1030.977859,0
93.00153446,403.719964,1025.571518,0
93.03489225,404.0492535,1013.534927,0
93.06825005,403.7052441,1005.471268,0
93.10160785,403.3629513,1003.697815,0
93.13496564,403.0101871,1002.299271,0
93.16832344,405.6525278,1002.896805,0
93.20168123,405.1458263,1002.609711,0
93.23503903,398.5943699,995.7300568,0
93.26839682,397.5286531,996.1343384,0
93.30175462,388.1121683,982.6132965,0
93.33511242,385.5297375,980.1660156,0
93.36847021,385.124445,980.291214,0
93.40182801,386.2749195,981.8621063,0
93.4351858,391.1364985,983.1369019,0
93.4685436,381.1899662,980.0961304,0
93.50190139,393.1621885,980.9274292,0
93.53525919,393.4532404,981.571579,0
93.56861699,394.0748262,981.9335175,0
93.60197478,396.7054081,982.1370697,0
93.63533258,396.2242842,982.6451874,0
93.66869037,389.5194483,981.8333435,0
93.70204817,395.1015329,982.8282166,0
93.73540596,392.0898628,982.0883179,0
93.76876376,349.117806,1009.91539,0
93.80212156,390.459938,1006.024704,0
93.83547935,401.7100668,1008.115921,0
93.86883715,405.1608896,1013.729248,0
93.90219494,406.0544729,1019.261093,0
93.93555274,406.5997553,1025.690002,0
93.96891053,407.4119711,1029.064026,0
94.00226833,408.3040094,1030.67955,0
94.03562613,409.1233063,1033.614578,0
94.06898392,408.4024143,1032.932968,0
94.10234172,409.0830517,1033.387451,0
94.13569951,409.1426611,1035.636826,0
94.16905731,408.7289143,1036.518021,0
94.2024151,408.5743761,1035.567474,0
94.2357729,408.9563227,1035.654221,0
94.2691307,408.7537193,1035.8638,0
94.30248849,408.7190437,1037.221985,0
94.33584629,408.5187149,1038.513641,0
94.36920408,408.4109545,1040.222855,0
94.40256188,408.3278275,1040.54039,0
94.43591967,408.0114985,1040.248947,0
94.46927747,405.2366352,1039.987717,0
94.50263527,403.3236837,1039.818649,0
94.53599306,402.1844101,1039.679108,0
94.56935086,400.9545422,1039.632263,0
94.60270865,401.2240934,1039.545212,0
94.63606645,401.0695124,1039.467773,0
94.66942424,401.3859272,1039.369278,0
94.70278204,401.4490128,1039.543915,0
94.73613984,401.550293,1040.338745,0
94.76949763,401.6223049,1040.286484,0
94.80285543,401.6537189,1042.332687,0
94.83621322,401.6850042,1042.433701,0
94.86957102,401.6509295,1044.068451,0
94.90292881,401.7643547,1044.76799,0
94.93628661,401.9829226,1044.74411,0
94.96964441,403.3557415,1044.995956,0
95.0030022,403.8993931,1044.903183,0
95.03636,403.9507198,1037.433167,0
95.06971779,403.8581944,1037.519608,0
95.10307559,403.8534307,1037.603378,0
95.13643338,403.321538,1033.82019,0
95.16979118,403.5703182,1033.689651,0
95.20314898,400.073061,1028.412247,0
95.23650677,399.9621677,1021.321259,0
95.26986457,400.3722239,1022.184753,0
95.30322236,397.3625278,1018.316727,0
95.33658016,397.8009081,1015.585251,0
95.36993795,398.9234447,1015.955658,0
95.40329575,402.5250721,1019.258041,0
95.43665355,408.5921001,1019.554596,0
95.47001134,414.0500736,1019.662094,0
95.50336914,418.1802464,1015.909271,0
95.53672693,420.3099203,1009.440994,0
95.57008473,420.2911663,1007.537079,0
95.60344252,421.2324715,1006.53038,0
95.63680032,420.5186176,1007.027969,0
95.67015812,420.0006723,1007.271042,0
95.70351591,419.5593739,1008.308487,0
95.73687371,419.6742582,1008.506088,0
95.7702315,420.1491594,1009.337769,0
95.8035893,420.6454754,1009.531326,0
95.83694709,420.8349466,1006.802521,0
95.87030489,422.3899841,1007.125549,0
95.90366269,422.5934887,1009.600372,0
95.93702048,422.8096104,1005.474472,0
95.97037828,422.6583338,1005.708694,0
96.00373607,423.0185223,1005.684052,0
96.03709387,422.9313183,1003.028183,0
96.07045166,422.8018856,1002.159958,0
96.10380946,422.778883,1000.087204,0
96.13716726,423.8974285,1000.669632,0
96.17052505,423.8648129,1000.814362,0
96.20388285,423.7628031,1001.00769,0
96.23724064,423.1390715,1001.135635,0
96.27059844,422.5267124,1001.776276,0
96.30395623,422.5105762,1001.876221,0
96.33731403,422.4504089,1002.411118,0
96.37067183,422.442255,1002.058792,0
96.40402962,421.6865158,997.9521179,0
96.43738742,419.0197563,993.2354736,0
96.47074521,409.7143793,987.9566193,0
96.50410301,401.546731,988.3130646,0
96.5374608,397.799921,987.5566101,0
96.5708186,391.9741201,981.714325,0
96.6041764,387.2078991,964.6421814,0
96.63753419,385.1869297,965.1176453,0
96.67089199,373.7448406,966.3262939,0
96.70424978,377.4498081,967.3758698,0
96.73760758,376.8956852,968.6659241,0
96.77096537,376.9997978,984.4393158,0
96.80432317,373.8716125,986.2911224,0
96.83768097,370.2387428,997.8479004,0
96.87103876,372.4628305,994.6044159,0
96.90439656,374.1343832,994.5256042,0
96.93775435,375.2095842,994.4374847,0
96.97111215,375.8004427,993.7095642,0
97.00446994,375.7378721,1040.123672,0
97.03782774,375.8596659,1031.955414,0
97.07118554,371.1282921,1099.156036,0
97.10454333,384.438014,1011.120682,0
97.13790113,378.8924932,940.8107758,0
97.17125892,344.9729347,975.0184631,0
97.20461672,342.7983284,1002.368622,0
97.23797451,340.567975,1057.042007,0
97.27133231,341.5733099,1075.457001,0
97.30469011,346.6739702,956.1877441,0
97.3380479,347.5787115,1032.889633,0
97.3714057,349.8205233,974.9443054,0
97.40476349,348.2894325,983.8716125,0
97.43812129,348.9962697,915.1597595,0
97.47147908,349.2961192,930.1542664,0
97.50483688,349.9629593,930.56427,0
97.53819468,348.6038518,898.1632996,0
97.57155247,346.7007494,895.7962799,0
97.60491027,342.3287702,905.7865906,0
97.63826806,334.9445415,912.8497314,0
97.67162586,324.8152113,913.7297058,0
97.70498365,320.4812551,932.3079681,0
97.73834145,319.2482114,936.2469482,0
97.77169925,320.3320169,950.4862976,0
97.80505704,321.3814688,952.7692413,0
97.83841484,320.8543396,952.4858093,0
97.87177263,319.940629,951.3224792,0
97.90513043,319.4303012,948.0072784,0
97.93848822,316.5775037,948.3524323,0
97.97184602,312.1243286,958.0677032,0
98.00520382,312.3371243,976.0001373,0
98.03856161,311.8917704,973.0068207,0
98.07191941,311.6668081,971.3285828,0
98.1052772,312.2253728,970.8843231,0
98.138635,312.7516222,970.4595184,0
98.17199279,313.0148005,968.9305878,0
98.20535059,312.0119333,967.7838898,0
98.23870839,311.9926,966.4335632,0
98.27206618,312.1020555,956.3410187,0
98.30542398,310.6686831,955.3594971,0
98.33878177,307.3430014,957.2433472,0
98.37213957,306.0677075,957.2257996,0
98.40549736,305.8872914,957.9174042,0
98.43885516,305.9279108,957.9051971,0
98.47221296,305.7467651,958.757782,0
98.50557075,305.8122754,959.5951843,0
98.53892855,305.8732796,959.6765137,0
98.57228634,305.9668779,960.0080109,0
98.60564414,305.5772066,964.888382,0
98.63900193,305.040679,969.4024658,0
98.67235973,305.1136136,974.2837524,0
98.70571753,305.4561853,983.236084,0
98.73907532,307.3953581,997.4547577,0
98.77243312,309.621098,1005.679932,0
98.80579091,311.0144949,1010.984726,0
98.83914871,313.7801743,1023.776932,0
98.8725065,315.8143616,1028.584824,0
98.9058643,320.7652044,1054.080734,0
98.9392221,321.0741305,1050.299683,0
98.97257989,321.1926198,1046.68129,0
99.00593769,322.9898715,1049.098511,0
99.03929548,327.3109746,1047.969513,0
99.07265328,328.2900667,1045.644073,0
99.10601107,328.4314299,1048.608932,0
99.13936887,331.71381,1045.105362,0
99.17272667,330.4746509,1052.46376,0
99.20608446,330.252285,1053.815536,0
99.23944226,330.2477574,1054.951477,0
99.27280005,330.1809168,1053.395691,0
99.30615785,329.0796018,1055.984192,0
99.33951564,328.4210014,1055.243073,0
99.37287344,326.8271255,1056.761475,0
99.40623124,325.5008268,1059.832153,0
99.43958903,325.546875,1062.475586,0
99.47294683,327.3159742,1063.436127,0
99.50630462,310.7141948,1039.948349,0
99.53966242,303.3227348,1026.136703,0
99.57302021,318.644135,1043.874893,0
99.60637801,323.8702583,1056.381302,0
99.63973581,325.6366968,1056.239471,0
99.6730936,330.8282089,1056.20369,0
99.7064514,334.6835518,1064.921188,0
99.73980919,336.7048216,1046.434479,0
99.77316699,346.5144968,1053.767929,0
99.80652478,349.3631315,1044.244461,0
99.83988258,345.7426643,1029.655151,0
99.87324038,364.7421455,1044.226761,0
99.90659817,374.4117451,1055.810013,0
99.93995597,376.9040537,1054.957581,0
99.97331376,382.0359135,1063.684387,0
100.0066716,383.5653734,1067.381287,0
100.0400294,382.7604532,1069.806442,0
100.0733872,380.4858971,1074.330215,0
100.1067449,380.0665283,1081.100464,0
100.1401027,380.3574085,1085.689774,0
100.1734605,382.2311354,1084.044342,0
100.2068183,383.2291317,1087.267761,0
100.2401761,383.727808,1086.554871,0
100.2735339,383.980279,1086.077805,0
100.3068917,383.9715242,1085.15976,0
100.3402495,384.0593719,1081.646347,0
100.3736073,383.5491085,1080.931931,0
100.4069651,383.3135462,1082.366562,0
100.4403229,383.1887913,1084.214325,0
100.4736807,383.8568974,1084.647675,0
100.5070385,381.8515921,1086.890717,0
100.5403963,383.6651945,1086.61087,0
100.5737541,383.743,1090.635605,0
100.6071119,383.5406113,1094.496307,0
100.6404697,381.5441895,1098.006516,0
100.6738275,381.5391254,1099.11293,0
100.7071853,382.0602894,1102.164078,0
100.7405431,382.6402044,1101.575928,0
100.7739009,382.6281452,1100.368729,0
100.8072587,382.6123095,1100.885086,0
100.8406165,382.6089621,1100.77919,0
100.8739742,383.4503174,1100.712128,0
100.907332,383.6772966,1100.651932,0
100.9406898,383.7838984,1099.53331,0
100.9740476,384.0504885,1097.927856,0
101.0074054,384.1046476,1097.882614,0
101.0407632,384.1542578,1097.734604,0
101.074121,384.15061,1096.832809,0
101.1074788,383.6636925,1097.240448,0
101.1408366,383.1208992,1097.868729,0
101.1741944,382.6279736,1097.806091,0
101.2075522,382.2041416,1097.382736,0
101.24091,382.2233677,1097.504196,0
101.2742678,382.3799229,1097.484589,0
101.3076256,382.3835278,1101.763992,0
101.3409834,382.4018526,1103.470383,0
101.3743412,382.3603535,1103.961792,0
101.407699,382.2548246,1104.142227,0
101.4410568,382.256155,1104.800491,0
101.4744146,382.2717333,1104.650421,0
101.5077724,382.2533226,1104.363861,0
101.5411302,382.1565914,1105.214005,0
101.574488,382.1483517,1105.467758,0
101.6078458,381.6070175,1104.720306,0
101.6412035,381.204257,1101.031647,0
101.6745613,380.9777927,1098.130188,0
101.7079191,380.1253223,1095.233078,0
101.7412769,379.9267101,1092.384872,0
101.7746347,379.931345,1080.191727,0
101.8079925,379.8845673,1073.124542,0
101.8413503,379.8330259,1073.59787,0
101.8747081,379.8343134,1074.177704,0
101.9080659,381.6136265,1075.817032,0
101.9414237,382.0058727,1077.652054,0
101.9747815,383.0473852,1074.749146,0
102.0081393,381.7503548,1063.698425,0
102.0414971,382.5460482,1065.335541,0
102.0748549,382.6187897,1058.302612,0
102.1082127,382.7380514,1056.089859,0
102.1415705,378.504281,1050.598602,0
102.1749283,378.6207962,1050.600891,0
102.2082861,377.7030087,1042.507706,0
102.2416439,372.2651625,1041.507721,0
102.2750017,366.4042139,1061.140213,0
102.3083595,360.3281307,1070.353699,0
102.3417173,349.8527098,1076.179581,0
102.3750751,340.6461668,1076.027527,0
102.4084329,318.4261465,1075.008926,0
102.4417906,308.1073451,1074.343185,0
102.4751484,300.3361702,1073.269882,0
102.5085062,294.9521184,1067.065964,0
102.541864,294.5237803,1067.071686,0
102.5752218,293.1206632,1065.670013,0
102.6085796,294.0286016,1066.560974,0
102.6419374,294.3851852,1069.819641,0
102.6752952,293.3839488,1069.759369,0
102.708653,293.6088037,1070.652771,0
102.7420108,292.5915384,1070.833588,0
102.7753686,293.0216146,1075.28183,0
102.8087264,292.5468636,1076.857452,0
102.8420842,293.2181025,1079.574966,0
102.875442,292.8260493,1080.634842,0
102.9087998,292.6413202,1080.437698,0
102.9421576,293.0079889,1078.292999,0
102.9755154,294.0934038,1081.028748,0
103.0088732,294.4920659,1084.124146,0
103.042231,294.720912,1089.40918,0
103.0755888,294.8824453,1089.219742,0
103.1089466,294.9827385,1092.596893,0
103.1423044,295.1444435,1092.039948,0
103.1756622,300.851562,1089.092789,0
103.2090199,306.529305,1082.731552,0
103.2423777,306.3292122,1081.015396,0
103.2757355,329.5766687,1041.028442,0
103.3090933,340.4051971,1047.550583,0
103.3424511,351.2460208,1048.240967,0
103.3758089,344.6102571,1027.746429,0
103.4425245,336.753509,9.537371993,0
103.4758823,336.7758894,25.53203583,0
103.5092401,333.1173563,24.72994566,0
103.5425979,333.3215475,21.32034063,0
103.5759557,323.8432002,20.95448494,0
103.6093135,278.8916731,91.70371056,0
103.6426713,282.9576015,96.36361122,0
103.6760291,285.1560044,91.33252144,0
103.7093869,332.3638487,44.44435596,0
103.7427447,335.6958389,39.88428831,0
103.7761025,330.9587789,83.64075661,0
103.8094603,339.4519615,24.63834047,0
103.8428181,338.5017085,5.032460093,0
103.8761759,343.1010962,59.14639473,0
103.9095337,338.3915663,94.81124878,0
103.9428915,335.8492398,82.15162277,0
103.9762492,337.6606321,84.57060814,0
104.009607,355.1899409,117.3948956,0
104.0429648,354.0559244,129.7889137,0
104.0763226,367.1000004,134.4950485,0
104.1096804,369.8405313,76.62460804,0
104.1430382,416.7950249,177.7013206,0
104.176396,426.843996,221.5098,0
104.2097538,423.6372757,177.3134422,0
104.2431116,411.7447901,155.1661491,0
104.2764694,414.6322632,123.7022972,0
104.6100474,350.8524442,113.4695244,0
104.7434786,309.0182233,72.29726315,0
104.8435519,326.672523,16.81556702,0
104.8769097,331.3129163,127.8957748,0
104.9102675,313.214035,76.8585968,0
104.9436253,310.749042,85.69705963,0
105.0103409,344.1245842,996.8123627,0
105.0436987,353.0482936,959.0390778,0
105.0770565,360.2710533,961.1811829,0
105.1104143,363.8620377,972.0887756,0
105.1437721,368.4295177,957.3945618,0
105.1771299,366.6041136,956.3434601,0
105.2104877,374.2927837,950.6304169,0
105.2438455,383.3741856,976.8984222,0
105.2772033,382.2255993,977.5563049,0
105.3105611,385.5414963,967.9445648,0
105.3439189,383.7619257,1002.211685,0
105.3772767,383.7952709,1001.010742,0
105.4106345,382.3681211,1023.552856,0
105.4439923,382.4463558,1026.058578,0
105.4773501,387.1975565,1012.174454,0
105.5107079,387.8819704,987.4238586,0
105.5440656,386.7849255,972.967453,0
105.5774234,386.0301304,967.0901489,0
105.6107812,383.282218,958.387146,0
105.644139,383.2009792,960.2140808,0
105.6774968,381.5569353,960.3974915,0
105.7108546,381.2051153,960.1158905,0
105.7442124,381.2069607,960.6630707,0
105.7775702,383.9177942,960.4972839,0
105.810928,383.8059998,960.4127502,0
105.8442858,383.6236095,960.8625031,0
105.8776436,381.762414,959.3083954,0
105.9110014,381.9235182,959.5636749,0
105.9443592,382.2934484,960.0449371,0
105.977717,382.8990269,967.8384399,0
106.0110748,383.976202,970.5834198,0
106.0444326,383.9350891,972.6961517,0
106.0777904,383.8911438,974.9681854,0
106.1111482,385.2777815,978.7728882,0
106.144506,385.7069778,980.4341125,0
106.1778638,386.1021423,982.7204132,0
106.2112216,391.1428928,984.4089508,0
106.2445794,393.1547642,988.2365417,0
106.2779372,396.8756962,997.2389221,0
106.3112949,399.8699856,1008.37265,0
106.3446527,402.4001455,1017.966919,0
106.3780105,404.9890137,1022.99736,0
106.4113683,404.3309498,1031.62178,0
106.4447261,403.5242701,1034.967117,0
106.4780839,403.4659481,1034.960098,0
106.5114417,398.582139,1034.037323,0
106.5447995,398.8595009,1033.543701,0
106.5781573,398.5711098,1034.9823,0
106.6115151,398.4228802,1035.7164,0
106.6448729,397.866354,1036.382065,0
106.6782307,397.79284,1035.653076,0
106.7115885,397.6881695,1034.82132,0
106.7449463,397.0649529,1034.385452,0
106.7783041,397.1537876,1034.004898,0
106.8116619,397.1537018,1033.755569,0
106.8450197,398.612051,1033.544922,0
106.8783775,399.0758801,1034.431763,0
106.9117353,399.4835329,1034.282227,0
106.9450931,399.514389,1034.17923,0
106.9784509,399.5307827,1033.404312,0
107.0118087,399.5191956,1034.017181,0
107.0451665,399.5759296,1033.170242,0
107.0785243,399.6326208,1033.384323,0
107.111882,399.5565319,1033.346558,0
107.1452398,399.4066286,1033.115463,0
107.1785976,398.7365055,1031.269989,0
107.2119554,374.8772907,1018.157806,0
107.2453132,364.8249722,1011.022568,0
107.278671,312.7087283,997.7182007,0
107.3120288,377.4613953,1002.503662,0
107.3453866,381.6534519,1002.69455,0
107.3787444,314.3233752,1001.267166,0
107.4121022,361.5359402,1001.412659,0
107.44546,342.2084355,996.2555695,0
107.4788178,368.9208984,998.8366699,0
107.5121756,363.8620377,1008.285599,0
107.5455334,301.0140181,1008.346558,0
107.5788912,294.4780111,1007.714844,0
107.612249,293.6794209,1007.374039,0
107.6456068,291.816895,1000.682373,0
107.6789646,293.2704592,983.8168335,0
107.7123224,293.2003355,981.2373352,0
107.7456802,294.7367048,982.2862244,0
107.779038,295.6289363,984.1262817,0
107.8123958,298.5278249,995.830307,0
107.8457536,301.295135,998.0501556,0
107.8791113,296.0374904,997.3574066,0
107.9124691,381.4831209,1019.051514,0
107.9458269,323.7146902,1018.464737,0
107.9791847,383.4735775,1022.347031,0
108.0125425,359.3517423,1020.814133,0
108.0459003,351.6919971,1020.159302,0
108.0792581,388.681612,1021.308517,0
108.1126159,398.9637423,1023.135223,0
108.1459737,401.6661644,1025.550995,0
108.1793315,403.1330109,1027.369003,0
108.2126893,403.315959,1029.957886,0
108.2460471,403.2966042,1031.572723,0
108.2794049,403.691597,1031.96167,0
108.3127627,401.9800472,1032.92244,0
108.3461205,401.17311,1032.568283,0
108.3794783,402.2561646,1032.80426,0
108.4128361,403.4658194,1032.733917,0
108.4461939,405.4342604,1031.824112,0
108.4795517,405.2623844,1031.672058,0
108.5129095,404.4625711,1031.620102,0
108.5462673,403.6118603,1031.530457,0
108.5796251,404.1287756,1031.39389,0
108.6129829,404.0748739,1031.30188,0
108.6463406,403.4696817,1033.474579,0
108.6796984,403.2508564,1033.594513,0
108.7130562,403.7990999,1033.561172,0
108.746414,404.9279881,1033.508606,0
108.7797718,405.1660824,1033.458862,0
108.8131296,406.4850855,1033.056335,0
108.8464874,407.4584055,1033.874893,0
108.8798452,408.5291004,1033.907013,0
108.913203,411.8722486,1033.614883,0
108.9465608,413.455739,1028.625412,0
108.9799186,414.864006,1018.292389,0
109.0132764,414.4085884,1013.916092,0
109.0466342,413.2859659,1006.874924,0
109.079992,412.4461555,999.1854095,0
109.1133498,412.3900223,993.7801361,0
109.1467076,411.7553043,991.5722656,0
109.1800654,411.6831636,989.7386169,0
109.2134232,408.0560017,982.3444366,0
109.246781,406.3079739,980.3565216,0
109.2801388,406.2434292,980.7221985,0
109.3134966,403.4481382,981.3368225,0
109.3468544,403.5535812,978.1542206,0
109.3802122,403.5106659,972.9348755,0
109.41357,401.7766285,967.9840851,0
109.4469277,398.5371637,956.0209656,0
109.4802855,398.8662815,958.5845184,0
109.5136433,399.3275356,965.5692291,0
109.5470011,402.979846,984.5980835,0
109.5803589,406.1946774,1001.145401,0
109.6137167,408.509016,1008.342133,0
109.6470745,405.3352976,999.6116638,0
109.6804323,405.2779627,1002.112122,0
109.7137901,409.9772787,1030.562897,0
109.7471479,414.6311903,1029.20929,0
109.7805057,414.222765,1035.177536,0
109.8138635,413.6462831,1031.039352,0
109.8472213,413.3469486,1029.304581,0
109.8805791,411.9652891,1035.35202,0
109.9139369,411.2685156,1059.290237,0
109.9472947,410.2355433,1063.088531,0
109.9806525,409.9339342,1065.970688,0
110.0140103,401.2292004,1063.502197,0
110.0473681,400.64641,1064.007187,0
110.0807259,393.141675,1062.36557,0
110.1140837,387.2866917,1060.917969,0
110.1474415,370.8439779,1084.102402,0
110.1807993,364.700861,1107.528458,0
110.214157,362.7619457,1037.929001,0
110.2475148,365.00247,1083.645172,0
110.2808726,368.3408976,1082.692566,0
110.3142304,370.6191015,1097.879791,0
110.3475882,378.4241581,1044.33548,0
110.380946,382.5782776,1035.508347,0
110.4143038,380.3118753,1023.975677,0
110.4476616,369.9347734,1012.257385,0
110.4810194,368.1255484,1018.084946,0
110.5143772,368.5727262,1011.233368,0
110.547735,360.9387302,1026.726913,0
110.5810928,354.5049477,1027.754974,0
110.6144506,338.2252693,1024.658203,0
110.6478084,322.4280024,1025.262146,0
110.6811662,319.7441411,1030.554047,0
110.714524,320.2800035,1023.144989,0
110.7478818,328.3780861,951.1621094,0
110.7812396,331.5067434,909.9653625,0
110.8145974,333.2727957,925.4581451,0
110.8479552,334.4182277,942.7714539,0
110.881313,333.4520102,951.4807129,0
110.9146708,334.1040659,956.256485,0
110.9480286,334.5227695,959.1712952,0
110.9813863,329.2932773,1066.394882,0
111.0147441,329.9120951,983.434906,0
111.0481019,329.2406416,953.2228851,0
111.0814597,327.9542112,940.7624054,0
111.1148175,325.7694769,945.8339691,0
111.1481753,321.7786288,927.519989,0
111.1815331,313.5614777,933.5588837,0
111.2148909,310.6334066,936.2798309,0
111.2482487,309.3424916,938.3701324,0
111.2816065,307.0432591,939.5188904,0
111.3149643,308.6464691,949.1082764,0
111.3483221,307.8607321,949.1172028,0
111.3816799,308.7888837,949.6135712,0
111.4150377,308.9074373,949.7697449,0
111.4483955,305.6568575,952.6358795,0
111.4817533,306.0491681,952.8396606,0
111.5151111,306.4474869,954.8564148,0
111.5484689,306.9098139,958.5149384,0
111.5818267,306.1969686,958.5159302,0
111.6151845,305.2095938,960.5743408,0
111.6485423,303.4459233,965.9104919,0
111.6819001,305.1314664,976.0678101,0
111.7152579,307.0314145,975.8791351,0
111.7486157,305.1655841,976.791153,0
111.7819734,303.195641,979.085083,0
111.8153312,302.0428276,979.8145294,0
111.848689,299.6702957,980.9109497,0
111.8820468,298.4136701,982.9101563,0
111.9154046,298.5151434,982.1713257,0
111.9487624,298.5659337,981.5214539,0
111.9821202,298.675561,981.4600372,0
112.015478,299.4343686,981.2754059,0
112.0488358,299.5570636,980.3425598,0
112.0821936,299.5836711,979.2871857,0
112.1155514,299.6166301,979.2385864,0
112.1489092,300.1091695,979.8216248,0
112.182267,306.2779927,982.2925568,0
112.2156248,308.6862302,992.420578,0
112.2489826,308.9977956,1007.997208,0
112.2823404,308.7929606,1012.075653,0
112.3156982,313.3563423,1027.056198,0
112.349056,314.2144346,1030.313873,0
112.3824138,318.2497215,1034.739075,0
112.4157716,322.4116516,1041.447296,0
112.4491294,323.2455182,1046.895218,0
112.4824872,323.0838776,1052.876511,0
112.515845,322.8883553,1050.728912,0
112.5492027,323.6713672,1048.351364,0
112.5825605,323.9473987,1048.666229,0
112.6159183,324.593811,1049.71199,0
112.6492761,324.7837114,1049.282761,0
112.6826339,329.372735,1041.814423,0
112.7159917,332.4822092,1037.42569,0
112.7493495,331.2225151,1038.576202,0
112.7827073,330.5414271,1041.621017,0
112.8160651,327.5601196,1043.843002,0
112.8494229,326.7746615,1044.811554,0
112.8827807,326.1005902,1034.790268,0
112.9161385,325.7673526,1042.887115,0
112.9494963,325.6903839,1047.561646,0
112.9828541,324.8201036,1052.843094,0
113.0162119,324.745388,1056.800919,0
113.0495697,324.6655011,1062.379303,0
113.0829275,324.6438289,1064.1259,0
113.1162853,324.6383786,1064.539948,0
113.1496431,324.6773458,1067.314453,0
113.1830009,324.6687841,1067.16507,0
113.2163587,324.5518184,1066.875687,0
113.2497165,325.2073288,1066.581802,0
113.2830743,327.1573591,1066.264191,0
113.3164321,332.2393298,1066.132736,0
113.3497898,336.5018964,1065.965042,0
113.3831476,352.9141188,1065.87616,0
113.4165054,358.7004805,1067.916412,0
113.4498632,370.1477623,1067.828979,0
113.483221,376.7685699,1065.18959,0
113.5165788,385.2550793,1065.084534,0
113.5499366,389.1476297,1065.097885,0
113.5832944,390.0879478,1066.915054,0
113.6166522,389.5440817,1068.647232,0
113.65001,389.9200201,1068.587799,0
113.6833678,389.5943356,1068.657532,0
113.7167256,390.5355549,1068.450546,0
113.7500834,390.4407978,1068.883362,0
113.7834412,390.2058363,1068.94043,0
113.816799,390.347414,1068.922958,0
113.8501568,389.8158216,1068.330002,0
113.8835146,389.1751814,1068.314056,0
113.9168724,388.5920048,1068.321915,0
113.9502302,388.2658482,1069.002686,0
113.983588,388.1717777,1069.948273,0
114.0169458,388.0287838,1069.929657,0
114.0503036,387.9316235,1069.657516,0
114.0836614,389.0875912,1070.31456,0
114.1170191,388.2295847,1071.014404,0
114.1503769,387.6673508,1071.930847,0
114.1837347,387.2730446,1075.432587,0
114.2170925,387.3713636,1075.389328,0
114.2504503,387.7203083,1077.279205,0
114.2838081,387.5098085,1077.56813,0
114.3171659,386.6196156,1077.693558,0
114.3505237,385.9881163,1078.294296,0
114.3838815,383.5977745,1078.385162,0
114.4172393,383.674593,1077.949905,0
114.4505971,383.4178734,1077.865524,0
114.4839549,383.4624624,1078.427734,0
114.5173127,383.9829397,1076.691742,0
114.5506705,384.1562319,1078.721695,0
114.5840283,384.7855854,1080.201492,0
114.6173861,385.3842545,1080.679245,0
114.6507439,386.4146948,1081.948776,0
114.6841017,386.3928509,1081.952896,0
114.7174595,386.441431,1081.760941,0
114.7508173,386.5556717,1081.739044,0
114.7841751,386.7080641,1081.718979,0
114.8175329,386.5875149,1080.137482,0
114.8508907,386.6230488,1081.585693,0
114.8842484,386.6230059,1081.526947,0
114.9176062,386.5502214,1076.619492,0
114.950964,387.1007824,1077.419357,0
114.9843218,386.9830227,1082.051086,0
115.0176796,386.9667149,1085.543976,0
115.0510374,386.7089224,1085.481033,0
115.0843952,386.7035151,1086.330948,0
115.117753,386.6260099,1089.601974,0
115.1511108,386.6235209,1089.603195,0
115.1844686,386.1901617,1089.508438,0
115.2178264,385.9569597,1089.582977,0
115.2511842,384.7197962,1089.986649,0
115.284542,383.3700657,1087.614594,0
115.3178998,382.9865742,1082.944412,0
115.3512576,382.8892422,1071.502304,0
115.3846154,382.9016018,1066.453476,0
115.4179732,383.1835127,1067.467422,0
115.451331,383.1743717,1069.638672,0
115.4846888,383.2781839,1068.843765,0
115.5180466,384.1574335,1065.608597,0
115.5514044,384.6409607,1062.131958,0
115.5847622,384.8459673,1062.937317,0
115.61812,384.7494936,1063.402252,0
115.6514778,386.7083216,1063.646393,0
115.6848355,386.6776371,1062.980042,0
115.7181933,386.6445065,1064.266739,0
115.7515511,386.7614508,1064.398651,0
115.7849089,384.438014,1061.686096,0
115.8182667,382.9497957,1064.190674,0
115.8516245,379.436059,1054.261169,0
115.8849823,374.8298264,1055.805588,0
115.9183401,366.6552258,1063.504868,0
115.9516979,353.9807582,1071.11351,0
115.9850557,337.1437597,1073.58551,0
116.0184135,327.749505,1073.640976,0
116.0517713,308.5853148,1058.165283,0
116.0851291,302.1846843,1050.806122,0
116.1184869,298.3448553,1048.399734,0
116.1518447,294.4072652,1049.479294,0
116.1852025,293.5542369,1050.417328,0
116.2185603,293.8355899,1051.387482,0
116.2519181,293.161304,1051.871109,0
116.2852759,292.4658394,1051.917725,0
116.3186337,292.7117014,1049.962158,0
116.3519915,292.3014951,1051.328125,0
116.3853493,292.1334386,1054.755783,0
116.4187071,291.8140841,1055.180969,0
116.4520648,291.3487101,1060.765762,0
116.4854226,290.9698749,1062.709274,0
116.5187804,289.6923709,1062.639999,0
116.5521382,290.3851748,1062.688828,0
116.585496,290.9577298,1065.333252,0
116.6188538,291.6503191,1065.709,0
116.6522116,292.8398252,1068.05275,0
116.6855694,293.160038,1068.142471,0
116.7189272,292.2961307,1067.328262,0
116.752285,294.6866226,1064.977112,0
116.7856428,298.6763334,1054.683609,0
116.8190006,300.6483793,1049.620132,0
116.8523584,302.3424411,1052.036362,0
116.8857162,304.7578239,1042.066193,0
116.919074,306.2474585,1037.055435,0
116.9524318,309.7589636,1033.292313,0
116.9857896,312.6882362,1034.17038,0
117.0191474,306.0206938,1036.230164,0
117.0525052,303.1492496,1040.371399,0
117.085863,302.0560455,1040.984039,0
117.1192208,301.4006853,1038.209,0
117.1525786,301.2192607,1031.730804,0
117.1859364,301.2467909,1028.72818,0
117.2192941,297.8618002,1027.071533,0
117.2526519,296.2773442,1007.990341,0
117.2860097,295.3684187,990.9125519,0
117.3193675,294.2962646,965.6615448,0
117.3527253,294.2075801,960.1374054,0
117.3860831,294.5065069,954.8062897,0
117.4194409,294.7974515,954.6828461,0
117.4527987,295.3474545,941.6982269,0
117.4861565,297.0191145,940.3651428,0
117.5195143,298.7762189,944.799118,0
117.5528721,300.5016518,946.8786621,0
117.5862299,300.5264354,971.1644745,0
117.6195877,302.0987892,982.4578094,0
117.6529455,303.8927579,980.4574585,0
117.6863033,305.3843451,979.3486023,0
117.7196611,306.1090994,987.0248413,0
117.7530189,305.1462507,990.2979279,0
117.7863767,306.6729212,980.5409241,0
117.8197345,306.4394188,981.3427734,0
117.8530923,306.3663983,982.1502686,0
117.8864501,305.168395,976.9363403,0
117.9198079,306.1521864,965.1282501,0
117.9531657,306.2420511,961.2664795,0
117.9865235,308.4065938,963.2691956,0
118.0198812,312.8838658,963.4960938,0
118.053239,318.6670732,965.2168274,0
118.0865968,320.7271385,970.4347992,0
118.1199546,320.3833437,982.1526337,0
118.1533124,321.7314219,993.2835388,0
118.1866702,324.3236589,996.451416,0
118.220028,325.6613302,1003.419189,0
118.2533858,325.9185648,1001.649551,0
118.2867436,331.3196754,1043.841782,0
118.3201014,329.4036341,1006.78688,0
118.3534592,329.1085482,1098.181458,0
118.386817,329.557507,1078.666229,0
118.4201748,330.816257,1042.105484,0
118.4535326,347.5617599,1071.098099,0
118.4868904,350.7168317,1071.06514,0
118.5202482,350.1919127,1072.676544,0
118.553606,354.0724897,1068.48175,0
118.5869638,356.4471889,1065.703201,0
118.6203216,362.2240019,1017.032776,0
118.6536794,369.89748,1002.191544,0
118.6870372,370.7007694,985.3655243,0
118.720395,377.4510098,982.3309326,0
118.7537528,391.1463261,987.9671478,0
118.7871105,389.1681004,986.0778046,0
118.8204683,392.9406166,987.6947784,0
118.8538261,392.8537989,989.8179626,0
118.8871839,392.274313,991.8177795,0
118.9205417,390.8864737,987.8661346,0
118.9538995,392.9149103,1009.87442,0
118.9872573,392.7125645,1010.107117,0
119.0206151,391.4196968,1010.003815,0
119.0539729,390.9657383,1009.913712,0
119.0873307,390.8589649,1002.477341,0
119.1206885,390.9379292,986.0236359,0
119.1540463,390.4799366,987.4865723,0
119.1874041,394.6688604,987.2741699,0
119.2207619,394.0765429,983.0875397,0
119.2541197,391.9005203,981.220932,0
119.2874775,391.6228151,973.46138,0
119.3208353,385.1825953,969.7452545,0
119.3541931,378.4004688,970.0532532,0
119.3875509,376.1965942,970.9275055,0
119.4209087,353.9409971,1010.607224,0
119.4542665,359.9209714,983.4611511,0
119.4876243,365.2439117,966.0597992,0
119.5209821,366.7000294,958.9299011,0
119.5543398,372.787571,958.5819244,0
119.5876976,375.0908375,957.4370575,0
119.6210554,376.873498,955.6231689,0
119.6544132,378.1299305,950.6256866,0
119.687771,379.2100239,948.4786987,0
119.7211288,379.0130424,950.0684357,0
119.7544866,381.8573427,962.8554535,0
119.7878444,386.3666725,962.9817963,0
119.8212022,396.7982769,977.473526,0
119.85456,404.5788288,989.3270111,0
119.8879178,410.1176119,999.4926453,0
119.9212756,412.0391464,1008.488083,0
119.9546334,414.7938824,1013.086243,0
119.9879912,416.4675808,1017.199631,0
120.021349,416.6207886,1022.1035,0
120.0547068,415.6763506,1024.419403,0
120.0880646,415.6066132,1025.225372,0
120.1214224,415.4539204,1025.556412,0
120.1547802,415.2511454,1025.059967,0
120.188138,414.9502659,1024.829407,0
120.2214958,414.610076,1023.51738,0
120.2548536,415.0277281,1022.882462,0
120.2882114,414.9009562,1022.570114,0
